1.0000e-01 2.9380e-12
1.0510e-01 2.9670e-12
1.1050e-01 2.9950e-12
1.1610e-01 3.0220e-12
1.2200e-01 3.0480e-12
1.2830e-01 3.0740e-12
1.3480e-01 3.0990e-12
1.4170e-01 3.1230e-12
1.4890e-01 3.1460e-12
1.5650e-01 3.1680e-12
1.6450e-01 3.1900e-12
1.7290e-01 3.2120e-12
1.8170e-01 3.2330e-12
1.9100e-01 3.2540e-12
2.0070e-01 3.2740e-12
2.1100e-01 3.2950e-12
2.2170e-01 3.3150e-12
2.3300e-01 3.3360e-12
2.4490e-01 3.3570e-12
2.5740e-01 3.3790e-12
2.7060e-01 3.4000e-12
2.8440e-01 3.4230e-12
2.9890e-01 3.4460e-12
3.1410e-01 3.4700e-12
3.3020e-01 3.4950e-12
3.4700e-01 3.5210e-12
3.6470e-01 3.5480e-12
3.8330e-01 3.5760e-12
4.0290e-01 3.6060e-12
4.2340e-01 3.6360e-12
4.4500e-01 3.6680e-12
4.6770e-01 3.7000e-12
4.9160e-01 3.7350e-12
5.1670e-01 3.7700e-12
5.4310e-01 3.8070e-12
5.7080e-01 3.8450e-12
5.9990e-01 3.8850e-12
6.3050e-01 3.9260e-12
6.6270e-01 3.9680e-12
6.9650e-01 4.0120e-12
7.3200e-01 4.0580e-12
7.6940e-01 4.1050e-12
8.0860e-01 4.1530e-12
8.4990e-01 4.2040e-12
8.9330e-01 4.2590e-12
9.3880e-01 4.3130e-12
9.8680e-01 4.3690e-12
1.0370e+00 4.4270e-12
1.0900e+00 4.4860e-12
1.1460e+00 4.5480e-12
1.2040e+00 4.6130e-12
1.2660e+00 4.6790e-12
1.3300e+00 4.7490e-12
1.3980e+00 4.8220e-12
1.4690e+00 4.8970e-12
1.5440e+00 4.9760e-12
1.6230e+00 5.0580e-12
1.7060e+00 5.1440e-12
1.7930e+00 5.2330e-12
1.8840e+00 5.3260e-12
1.9810e+00 5.4230e-12
2.0820e+00 5.5230e-12
2.1880e+00 5.6270e-12
2.2990e+00 5.7990e-12
2.4170e+00 5.9090e-12
2.5400e+00 6.0220e-12
2.6700e+00 6.1360e-12
2.8060e+00 6.2510e-12
2.9490e+00 6.3660e-12
3.1000e+00 6.4800e-12
3.2580e+00 6.5930e-12
3.4240e+00 6.7050e-12
3.5990e+00 6.8130e-12
3.7820e+00 6.9190e-12
3.9750e+00 7.0220e-12
4.1780e+00 7.1200e-12
4.3910e+00 7.2150e-12
4.6150e+00 7.3010e-12
4.8510e+00 7.3870e-12
5.0990e+00 7.4690e-12
5.3590e+00 7.5470e-12
5.6320e+00 7.6200e-12
5.9190e+00 7.6890e-12
6.2220e+00 7.7550e-12
6.5390e+00 7.8160e-12
6.8730e+00 7.8750e-12
7.2230e+00 7.9290e-12
7.5920e+00 7.9810e-12
7.9790e+00 8.0310e-12
8.3860e+00 8.0780e-12
8.8140e+00 8.1220e-12
9.2640e+00 8.1650e-12
9.7370e+00 8.2050e-12
1.0230e+01 8.2440e-12
1.0760e+01 8.2760e-12
1.1300e+01 8.3130e-12
1.1880e+01 8.3500e-12
1.2490e+01 8.3850e-12
1.3120e+01 8.4200e-12
1.3790e+01 8.4550e-12
1.4500e+01 8.4890e-12
1.5240e+01 8.5230e-12
1.6020e+01 8.5570e-12
1.6830e+01 8.5920e-12
1.7690e+01 8.6270e-12
1.8590e+01 8.6620e-12
1.9540e+01 8.6990e-12
2.0540e+01 8.7380e-12
2.1590e+01 8.7790e-12
2.2690e+01 8.8240e-12
2.3850e+01 8.8760e-12
2.5060e+01 8.9370e-12
2.6340e+01 9.0130e-12
2.7690e+01 9.1110e-12
2.9100e+01 9.2400e-12
3.0590e+01 9.4150e-12
3.2150e+01 9.6530e-12
3.3790e+01 9.9760e-12
3.5510e+01 1.0410e-11
3.7320e+01 1.1000e-11
3.9230e+01 1.1780e-11
4.1230e+01 1.2800e-11
4.3330e+01 1.4110e-11
4.5540e+01 1.5770e-11
4.7870e+01 1.7840e-11
5.0310e+01 2.0390e-11
5.2880e+01 2.3470e-11
5.5570e+01 2.7170e-11
5.8410e+01 3.1460e-11
6.1390e+01 3.6380e-11
6.4520e+01 4.1960e-11
6.7820e+01 4.8160e-11
7.1280e+01 5.4940e-11
7.4910e+01 6.2250e-11
7.8740e+01 7.0010e-11
8.2750e+01 7.8100e-11
8.6980e+01 8.6420e-11
9.1410e+01 9.4870e-11
9.6080e+01 1.0330e-10
1.0100e+02 1.1160e-10
1.0610e+02 1.1970e-10
1.1150e+02 1.2740e-10
1.1720e+02 1.3480e-10
1.2320e+02 1.4170e-10
1.2950e+02 1.4800e-10
1.3610e+02 1.5380e-10
1.4310e+02 1.5900e-10
1.5040e+02 1.6370e-10
1.5800e+02 1.6770e-10
1.6610e+02 1.7120e-10
1.7460e+02 1.7400e-10
1.8350e+02 1.7640e-10
1.9280e+02 1.7820e-10
2.0270e+02 1.7960e-10
2.1300e+02 1.8040e-10
2.2390e+02 1.8080e-10
2.3530e+02 1.8080e-10
2.4730e+02 1.8040e-10
2.5990e+02 1.7970e-10
2.7320e+02 1.7860e-10
2.8720e+02 1.7710e-10
3.0180e+02 1.7540e-10
3.1720e+02 1.7340e-10
3.3340e+02 1.7120e-10
3.5040e+02 1.6870e-10
3.6830e+02 1.6600e-10
3.8710e+02 1.6310e-10
4.0680e+02 1.6000e-10
4.2760e+02 1.5680e-10
4.4940e+02 1.5350e-10
4.7230e+02 1.5010e-10
4.9640e+02 1.4660e-10
5.2180e+02 1.4300e-10
5.4840e+02 1.3930e-10
5.7640e+02 1.3550e-10
6.0580e+02 1.3180e-10
6.3670e+02 1.2800e-10
6.6920e+02 1.2420e-10
7.0330e+02 1.2040e-10
7.3920e+02 1.1660e-10
7.7690e+02 1.1280e-10
8.1660e+02 1.0900e-10
8.5820e+02 1.0530e-10
9.0200e+02 1.0170e-10
9.4810e+02 9.8070e-11
9.9640e+02 9.4530e-11
1.0470e+03 9.1060e-11
1.1010e+03 8.7650e-11
1.1570e+03 8.4330e-11
1.2160e+03 8.1080e-11
1.2780e+03 7.7920e-11
1.3430e+03 7.4850e-11
1.4120e+03 7.1860e-11
1.4840e+03 6.8970e-11
1.5590e+03 6.6160e-11
1.6390e+03 6.3450e-11
1.7230e+03 6.0830e-11
1.8110e+03 5.8300e-11
1.9030e+03 5.5870e-11
2.0000e+03 5.3520e-11
