1.0000e-01 8.3200e-09
1.0510e-01 8.4440e-09
1.1050e-01 8.5660e-09
1.1610e-01 8.6860e-09
1.2200e-01 8.8030e-09
1.2830e-01 8.9170e-09
1.3480e-01 9.0290e-09
1.4170e-01 9.1390e-09
1.4890e-01 9.2470e-09
1.5650e-01 9.3530e-09
1.6450e-01 9.4590e-09
1.7290e-01 9.5640e-09
1.8170e-01 9.6690e-09
1.9100e-01 9.7760e-09
2.0070e-01 9.8840e-09
2.1100e-01 9.9950e-09
2.2170e-01 1.0110e-08
2.3300e-01 1.0230e-08
2.4490e-01 1.0350e-08
2.5740e-01 1.0480e-08
2.7060e-01 1.0620e-08
2.8440e-01 1.0760e-08
2.9890e-01 1.0910e-08
3.1410e-01 1.1070e-08
3.3020e-01 1.1230e-08
3.4700e-01 1.1410e-08
3.6470e-01 1.1590e-08
3.8330e-01 1.1790e-08
4.0290e-01 1.2000e-08
4.2340e-01 1.2210e-08
4.4500e-01 1.2440e-08
4.6770e-01 1.2680e-08
4.9160e-01 1.2930e-08
5.1670e-01 1.3190e-08
5.4310e-01 1.3460e-08
5.7080e-01 1.3740e-08
5.9990e-01 1.4040e-08
6.3050e-01 1.4350e-08
6.6270e-01 1.4670e-08
6.9650e-01 1.5000e-08
7.3200e-01 1.5350e-08
7.6940e-01 1.5710e-08
8.0860e-01 1.6090e-08
8.4990e-01 1.6480e-08
8.9330e-01 1.6920e-08
9.3880e-01 1.7340e-08
9.8680e-01 1.7790e-08
1.0370e+00 1.8250e-08
1.0900e+00 1.8730e-08
1.1460e+00 1.9240e-08
1.2040e+00 1.9770e-08
1.2660e+00 2.0330e-08
1.3300e+00 2.0920e-08
1.3980e+00 2.1550e-08
1.4690e+00 2.2210e-08
1.5440e+00 2.2920e-08
1.6230e+00 2.3670e-08
1.7060e+00 2.4470e-08
1.7930e+00 2.5330e-08
1.8840e+00 2.6230e-08
1.9810e+00 2.7200e-08
2.0820e+00 2.8230e-08
2.1880e+00 2.9310e-08
2.2990e+00 3.0670e-08
2.4170e+00 3.1870e-08
2.5400e+00 3.3120e-08
2.6700e+00 3.4410e-08
2.8060e+00 3.5740e-08
2.9490e+00 3.7090e-08
3.1000e+00 3.8460e-08
3.2580e+00 3.9830e-08
3.4240e+00 4.1200e-08
3.5990e+00 4.2560e-08
3.7820e+00 4.3900e-08
3.9750e+00 4.5210e-08
4.1780e+00 4.6480e-08
4.3910e+00 4.7720e-08
4.6150e+00 4.8860e-08
4.8510e+00 5.0010e-08
5.0990e+00 5.1100e-08
5.3590e+00 5.2140e-08
5.6320e+00 5.3130e-08
5.9190e+00 5.4070e-08
6.2220e+00 5.4960e-08
6.5390e+00 5.5800e-08
6.8730e+00 5.6590e-08
7.2230e+00 5.7340e-08
7.5920e+00 5.8040e-08
7.9790e+00 5.8700e-08
8.3860e+00 5.9330e-08
8.8140e+00 5.9910e-08
9.2640e+00 6.0460e-08
9.7370e+00 6.0970e-08
1.0230e+01 6.1460e-08
1.0760e+01 6.1820e-08
1.1300e+01 6.2260e-08
1.1880e+01 6.2670e-08
1.2490e+01 6.3070e-08
1.3120e+01 6.3440e-08
1.3790e+01 6.3790e-08
1.4500e+01 6.4120e-08
1.5240e+01 6.4430e-08
1.6020e+01 6.4740e-08
1.6830e+01 6.5030e-08
1.7690e+01 6.5310e-08
1.8590e+01 6.5580e-08
1.9540e+01 6.5830e-08
2.0540e+01 6.6080e-08
2.1590e+01 6.6340e-08
2.2690e+01 6.6600e-08
2.3850e+01 6.6840e-08
2.5060e+01 6.7070e-08
2.6340e+01 6.7320e-08
2.7690e+01 6.7540e-08
2.9100e+01 6.7890e-08
3.0590e+01 6.8100e-08
3.2150e+01 6.8390e-08
3.3790e+01 6.8700e-08
3.5510e+01 6.9040e-08
3.7320e+01 6.9410e-08
3.9230e+01 6.9830e-08
4.1230e+01 7.0300e-08
4.3330e+01 7.0840e-08
4.5540e+01 7.1440e-08
4.7870e+01 7.2120e-08
5.0310e+01 7.2900e-08
5.2880e+01 7.3790e-08
5.5570e+01 7.4800e-08
5.8410e+01 7.5930e-08
6.1390e+01 7.7180e-08
6.4520e+01 7.8580e-08
6.7820e+01 8.0100e-08
7.1280e+01 8.1750e-08
7.4910e+01 8.3530e-08
7.8740e+01 8.5410e-08
8.2750e+01 8.7390e-08
8.6980e+01 8.9450e-08
9.1410e+01 9.1580e-08
9.6080e+01 9.3750e-08
1.0100e+02 9.5950e-08
1.0610e+02 9.8160e-08
1.1150e+02 1.0040e-07
1.1720e+02 1.0260e-07
1.2320e+02 1.0470e-07
1.2950e+02 1.0690e-07
1.3610e+02 1.0900e-07
1.4310e+02 1.1110e-07
1.5040e+02 1.1310e-07
1.5800e+02 1.1510e-07
1.6610e+02 1.1710e-07
1.7460e+02 1.1900e-07
1.8350e+02 1.2090e-07
1.9280e+02 1.2280e-07
2.0270e+02 1.2470e-07
2.1300e+02 1.2650e-07
2.2390e+02 1.2840e-07
2.3530e+02 1.3020e-07
2.4730e+02 1.3210e-07
2.5990e+02 1.3400e-07
2.7320e+02 1.3580e-07
2.8720e+02 1.3770e-07
3.0180e+02 1.3960e-07
3.1720e+02 1.4150e-07
3.3340e+02 1.4350e-07
3.5040e+02 1.4540e-07
3.6830e+02 1.4740e-07
3.8710e+02 1.4940e-07
4.0680e+02 1.5140e-07
4.2760e+02 1.5340e-07
4.4940e+02 1.5550e-07
4.7230e+02 1.5760e-07
4.9640e+02 1.5960e-07
5.2180e+02 1.6170e-07
5.4840e+02 1.6380e-07
5.7640e+02 1.6590e-07
6.0580e+02 1.6800e-07
6.3670e+02 1.7010e-07
6.6920e+02 1.7210e-07
7.0330e+02 1.7410e-07
7.3920e+02 1.7610e-07
7.7690e+02 1.7810e-07
8.1660e+02 1.8000e-07
8.5820e+02 1.8190e-07
9.0200e+02 1.8370e-07
9.4810e+02 1.8550e-07
9.9640e+02 1.8720e-07
1.0470e+03 1.8880e-07
1.1010e+03 1.9030e-07
1.1570e+03 1.9180e-07
1.2160e+03 1.9310e-07
1.2780e+03 1.9440e-07
1.3430e+03 1.9550e-07
1.4120e+03 1.9650e-07
1.4840e+03 1.9740e-07
1.5590e+03 1.9820e-07
1.6390e+03 1.9880e-07
1.7230e+03 1.9930e-07
1.8110e+03 1.9970e-07
1.9030e+03 1.9990e-07
2.0000e+03 2.0000e-07
