1.0000e-01 0.0000e+00
1.0510e-01 0.0000e+00
1.1050e-01 0.0000e+00
1.1610e-01 0.0000e+00
1.2200e-01 0.0000e+00
1.2830e-01 0.0000e+00
1.3480e-01 0.0000e+00
1.4170e-01 0.0000e+00
1.4890e-01 0.0000e+00
1.5650e-01 0.0000e+00
1.6450e-01 0.0000e+00
1.7290e-01 0.0000e+00
1.8170e-01 0.0000e+00
1.9100e-01 0.0000e+00
2.0070e-01 0.0000e+00
2.1100e-01 0.0000e+00
2.2170e-01 0.0000e+00
2.3300e-01 0.0000e+00
2.4490e-01 0.0000e+00
2.5740e-01 0.0000e+00
2.7060e-01 0.0000e+00
2.8440e-01 0.0000e+00
2.9890e-01 0.0000e+00
3.1410e-01 0.0000e+00
3.3020e-01 0.0000e+00
3.4700e-01 0.0000e+00
3.6470e-01 0.0000e+00
3.8330e-01 0.0000e+00
4.0290e-01 0.0000e+00
4.2340e-01 0.0000e+00
4.4070e-1 2.866000e-23
5.7790e-1 1.275000e-22
6.8710e-1 2.979000e-22
7.6810e-1 5.668000e-22
8.2190e-1 7.908000e-22
9.0270e-1 1.104000e-21
9.6960e-1 1.427000e-21
1.0640e+0 1.686000e-21
1.1320e+0 1.812000e-21
1.2290e+0 1.812000e-21
1.2840e+0 1.705000e-21
1.3690e+0 1.454000e-21
1.4530e+0 1.123000e-21
1.5240e+0 8.015000e-22
1.6220e+0 5.240000e-22
1.7340e+0 3.274000e-22
1.8450e+0 2.203000e-22
2.0110e+0 1.222000e-22
2.3010e+0 1.551000e-23
