 1.323000e-2	8.130000e-23
 2.458000e-1	3.595000e-22
 3.958000e-1	6.195000e-22
 4.909000e-1	8.437000e-22
 6.000000e-1	1.023000e-21
 7.363000e-1	1.274000e-21
 9.001000e-1	1.525000e-21
 1.009000e+0	1.749000e-21
 1.130000e+0	2.134000e-21
 1.211000e+0	2.412000e-21
 1.265000e+0	2.609000e-21
 1.375000e+0	2.753000e-21
 1.458000e+0	2.690000e-21
 1.527000e+0	2.529000e-21
 1.626000e+0	2.154000e-21
 1.739000e+0	1.796000e-21
 1.837000e+0	1.447000e-21
 1.949000e+0	1.169000e-21
 2.061000e+0	9.014000e-22
 2.214000e+0	6.152000e-22
 2.367000e+0	3.738000e-22
 2.520000e+0	1.951000e-22
 2.672000e+0	7.915000e-23
 2.948000e+0	8.214000e-24