 1.243000e+1	0.000000e+0
 1.300000e+1	2.800000e-22
 1.400000e+1	7.900000e-22
 1.500000e+1	1.410000e-21
 1.997000e+1	2.700000e-21
 2.969000e+1	1.174000e-20
 3.935000e+1	1.572000e-20
 3.985000e+1	1.748000e-20
 4.474000e+1	1.617000e-20
 4.956000e+1	1.837000e-20
 5.421000e+1	1.926000e-20
 5.928000e+1	2.146000e-20
 6.403000e+1	2.147000e-20
 6.913000e+1	2.323000e-20
 7.002000e+1	2.411000e-20
 7.960000e+1	2.434000e-20
 8.934000e+1	2.434000e-20
 9.900000e+1	2.435000e-20
 1.493000e+2	2.238000e-20
 1.980000e+2	2.151000e-20
 2.526000e+2	2.064000e-20
 2.986000e+2	1.911000e-20
 3.483000e+2	1.757000e-20
 4.064000e+2	1.714000e-20
 4.562000e+2	1.494000e-20
 4.990000e+2	1.583000e-20