0.00000E+00	3.65217E+04	9.51863E+02
3.88300E-02	3.65217E+04	9.51863E+02
3.88400E-02	3.65528E+04	9.52795E+02
3.88500E-02	3.65528E+04	9.54037E+02
3.88600E-02	3.65839E+04	9.55590E+02
3.88700E-02	3.65839E+04	9.56522E+02
3.88800E-02	3.65839E+04	9.57453E+02
3.88900E-02	3.66149E+04	9.58385E+02
3.89000E-02	3.66149E+04	9.59627E+02
3.89100E-02	3.66460E+04	9.60870E+02
3.89300E-02	3.66460E+04	9.62112E+02
3.89400E-02	3.66770E+04	9.63665E+02
3.89600E-02	3.67081E+04	9.65217E+02
3.89800E-02	3.67081E+04	9.67081E+02
3.90000E-02	3.67391E+04	9.69255E+02
3.90200E-02	3.67702E+04	9.71739E+02
3.90500E-02	3.68012E+04	9.74224E+02
3.90800E-02	3.68323E+04	9.77019E+02
3.91100E-02	3.68634E+04	9.80124E+02
3.91400E-02	3.69255E+04	9.86025E+02
3.91800E-02	3.69876E+04	9.89752E+02
3.92200E-02	3.70186E+04	9.94099E+02
3.92700E-02	3.70807E+04	9.98758E+02
3.93200E-02	3.71429E+04	1.00404E+03
3.93800E-02	3.72050E+04	1.00994E+03
3.94400E-02	3.72671E+04	1.01677E+03
3.95200E-02	3.73602E+04	1.02391E+03
3.96000E-02	3.74534E+04	1.03230E+03
3.96900E-02	3.75466E+04	1.04130E+03
3.97900E-02	3.76398E+04	1.05186E+03
3.99000E-02	3.77640E+04	1.06335E+03
4.00300E-02	3.78882E+04	1.07640E+03
4.01700E-02	3.80124E+04	1.09099E+03
4.03300E-02	3.81677E+04	1.10714E+03
4.05100E-02	3.83540E+04	1.12578E+03
4.07100E-02	3.85404E+04	1.14658E+03
4.09400E-02	3.87267E+04	1.17019E+03
4.11900E-02	3.89441E+04	1.19658E+03
4.14800E-02	3.91925E+04	1.22640E+03
4.18100E-02	3.94410E+04	1.26025E+03
4.21800E-02	3.97516E+04	1.29876E+03
4.26000E-02	4.00621E+04	1.34224E+03
4.30800E-02	4.03727E+04	1.39130E+03
4.36200E-02	4.07453E+04	1.44689E+03
4.42300E-02	4.11491E+04	1.50963E+03
4.49300E-02	4.15839E+04	1.58106E+03
4.57200E-02	4.20497E+04	1.66491E+03
4.66200E-02	4.25466E+04	1.75590E+03
4.76500E-02	4.30745E+04	1.85870E+03
4.88100E-02	4.36335E+04	1.97453E+03
5.01200E-02	4.42236E+04	2.10497E+03
5.16100E-02	4.48447E+04	2.25124E+03
5.33000E-02	4.54969E+04	2.41491E+03
5.52000E-02	4.61801E+04	2.59814E+03
5.73500E-02	4.68944E+04	2.80186E+03
5.97600E-02	4.76087E+04	3.02826E+03
6.24500E-02	4.83540E+04	3.27950E+03
6.54600E-02	4.90683E+04	3.55280E+03
6.88100E-02	4.98137E+04	3.85404E+03
7.25100E-02	5.05590E+04	4.18323E+03
7.65900E-02	5.12422E+04	4.53727E+03
8.10700E-02	5.19255E+04	4.91925E+03
8.59300E-02	5.25776E+04	5.32298E+03
9.12100E-02	5.31366E+04	5.75466E+03
9.69000E-02	5.36025E+04	6.20807E+03
1.03000E-01	5.39752E+04	6.68012E+03
1.09400E-01	5.42547E+04	7.17081E+03
1.16200E-01	5.44099E+04	7.67081E+03
1.23300E-01	5.44410E+04	8.17702E+03
1.30700E-01	5.43478E+04	8.68634E+03
1.38300E-01	5.40994E+04	9.18944E+03
1.46100E-01	5.37267E+04	9.68634E+03
1.54000E-01	5.32298E+04	1.01677E+04
1.61900E-01	5.26087E+04	1.06304E+04
1.69900E-01	5.18323E+04	1.10714E+04
1.77900E-01	5.09627E+04	1.14876E+04
1.85800E-01	5.00000E+04	1.18727E+04
1.93600E-01	4.89441E+04	1.22267E+04
2.01300E-01	4.78261E+04	1.25466E+04
2.08900E-01	4.66149E+04	1.28354E+04
2.16300E-01	4.54037E+04	1.30901E+04
2.23500E-01	4.41304E+04	1.33137E+04
2.30600E-01	4.28261E+04	1.35031E+04
2.37600E-01	4.15217E+04	1.36646E+04
2.44300E-01	4.02174E+04	1.37981E+04
2.51000E-01	3.89441E+04	1.39006E+04
2.57500E-01	3.76398E+04	1.39814E+04
2.63900E-01	3.63665E+04	1.40373E+04
2.70400E-01	3.51242E+04	1.40901E+04
2.76700E-01	3.39130E+04	1.41056E+04
2.82800E-01	3.27329E+04	1.40994E+04
2.89000E-01	3.15528E+04	1.40776E+04
2.95100E-01	3.04286E+04	1.40435E+04
3.01200E-01	2.93354E+04	1.39938E+04
3.07200E-01	2.82764E+04	1.39317E+04
3.13400E-01	2.72547E+04	1.38602E+04
3.19500E-01	2.62640E+04	1.37764E+04
3.25700E-01	2.53106E+04	1.36863E+04
3.31900E-01	2.43882E+04	1.35901E+04
3.38200E-01	2.35000E+04	1.34845E+04
3.44600E-01	2.26429E+04	1.33758E+04
3.51100E-01	2.18199E+04	1.32578E+04
3.57700E-01	2.10248E+04	1.31366E+04
3.64300E-01	2.02609E+04	1.30093E+04
3.71100E-01	1.95248E+04	1.28820E+04
3.78000E-01	1.88168E+04	1.27484E+04
3.85100E-01	1.81335E+04	1.26118E+04
3.92300E-01	1.74783E+04	1.24752E+04
3.99600E-01	1.68478E+04	1.23354E+04
4.07100E-01	1.62391E+04	1.21925E+04
4.14800E-01	1.56491E+04	1.20497E+04
4.22600E-01	1.50870E+04	1.19068E+04
4.30600E-01	1.45435E+04	1.17609E+04
4.38800E-01	1.40217E+04	1.16149E+04
4.47200E-01	1.35186E+04	1.14689E+04
4.55700E-01	1.30342E+04	1.13199E+04
4.64500E-01	1.25683E+04	1.11739E+04
4.73500E-01	1.21180E+04	1.10248E+04
4.82800E-01	1.16863E+04	1.08789E+04
4.92300E-01	1.12702E+04	1.07019E+04
5.02000E-01	1.08696E+04	1.05559E+04
5.12000E-01	1.04845E+04	1.04099E+04
5.22200E-01	1.01149E+04	1.02671E+04
5.32700E-01	9.75776E+03	1.01211E+04
5.43500E-01	9.41304E+03	9.97826E+03
5.54600E-01	9.08075E+03	9.83540E+03
5.65900E-01	8.76398E+03	9.69255E+03
5.77700E-01	8.45342E+03	9.59317E+03
5.89700E-01	8.15839E+03	9.45031E+03
6.02100E-01	7.87267E+03	9.31056E+03
6.14800E-01	7.59938E+03	9.17081E+03
6.27900E-01	7.33540E+03	9.03416E+03
6.41300E-01	7.08075E+03	8.89752E+03
6.55100E-01	6.83540E+03	8.76087E+03
6.69400E-01	6.59938E+03	8.62733E+03
6.84100E-01	6.36957E+03	8.49689E+03
6.99200E-01	6.14907E+03	8.34783E+03
7.14700E-01	5.93789E+03	8.22050E+03
7.30700E-01	5.73292E+03	8.09006E+03
7.47300E-01	5.53727E+03	7.96584E+03
7.64300E-01	5.34783E+03	7.84161E+03
7.81800E-01	5.16460E+03	7.71739E+03
7.99900E-01	4.99068E+03	7.59627E+03
8.18600E-01	4.81988E+03	7.47516E+03
8.37800E-01	4.65528E+03	7.34472E+03
8.57700E-01	4.50000E+03	7.22981E+03
8.77600E-01	4.34783E+03	7.11491E+03
8.98600E-01	4.19876E+03	7.00311E+03
9.20300E-01	4.05590E+03	6.89130E+03
9.42100E-01	3.91925E+03	6.78261E+03
9.65000E-01	3.78882E+03	6.67391E+03
9.88400E-01	3.65839E+03	6.54348E+03
1.01300E+00	3.53416E+03	6.44099E+03
1.03700E+00	3.41304E+03	6.33851E+03
1.06300E+00	3.29814E+03	6.23913E+03
1.08900E+00	3.18634E+03	6.14286E+03
1.11600E+00	3.07578E+03	6.04658E+03
1.14400E+00	2.96988E+03	5.95342E+03
1.17200E+00	2.86739E+03	5.86335E+03
1.20000E+00	2.76770E+03	5.77329E+03
1.23000E+00	2.67174E+03	5.68634E+03
1.26000E+00	2.57857E+03	5.59938E+03
1.29100E+00	2.48820E+03	5.51553E+03
1.32200E+00	2.40093E+03	5.43168E+03
1.35400E+00	2.31646E+03	5.35093E+03
1.38700E+00	2.23478E+03	5.27019E+03
1.42000E+00	2.15590E+03	5.19255E+03
1.45400E+00	2.07919E+03	5.14596E+03
1.48900E+00	2.00559E+03	5.07143E+03
1.52500E+00	1.93447E+03	4.99689E+03
1.56200E+00	1.86584E+03	4.92236E+03
1.59900E+00	1.79938E+03	4.85093E+03
1.63800E+00	1.73571E+03	4.77950E+03
1.67700E+00	1.67391E+03	4.71118E+03
1.71900E+00	1.61429E+03	4.62422E+03
1.76000E+00	1.55714E+03	4.55901E+03
1.80100E+00	1.50186E+03	4.49379E+03
1.84500E+00	1.44876E+03	4.43168E+03
1.88900E+00	1.39752E+03	4.36646E+03
1.93500E+00	1.34814E+03	4.30745E+03
1.98200E+00	1.30031E+03	4.24534E+03
2.02500E+00	1.25404E+03	4.17702E+03
2.07400E+00	1.20963E+03	4.12112E+03
2.12400E+00	1.16708E+03	4.06211E+03
2.17600E+00	1.12609E+03	4.00621E+03
2.22800E+00	1.08634E+03	3.95031E+03
2.28300E+00	1.04814E+03	3.89752E+03
2.33700E+00	1.01118E+03	3.84161E+03
2.39300E+00	9.75466E+02	3.78882E+03
2.45200E+00	9.41304E+02	3.75776E+03
2.51200E+00	9.08075E+02	3.70497E+03
2.57300E+00	8.76087E+02	3.65217E+03
2.63500E+00	8.45031E+02	3.60248E+03
2.69900E+00	8.15217E+02	3.55280E+03
2.76400E+00	7.86646E+02	3.50621E+03
2.83100E+00	7.58696E+02	3.45963E+03
2.89900E+00	7.31988E+02	3.40994E+03
2.96900E+00	7.05901E+02	3.36335E+03
3.04100E+00	6.80745E+02	3.31988E+03
3.11400E+00	6.56522E+02	3.27329E+03
3.18900E+00	6.32919E+02	3.22981E+03
3.26500E+00	6.10248E+02	3.18634E+03
3.34300E+00	5.88199E+02	3.14596E+03
3.42200E+00	5.67081E+02	3.10342E+03
3.50300E+00	5.46584E+02	3.06242E+03
3.58500E+00	5.26708E+02	3.02112E+03
3.66900E+00	5.07453E+02	2.98168E+03
3.75400E+00	4.88820E+02	2.94255E+03
3.84100E+00	4.71118E+02	2.90404E+03
3.92900E+00	4.54037E+02	2.86615E+03
4.01900E+00	4.37267E+02	2.82919E+03
4.11000E+00	4.21429E+02	2.79286E+03
4.20200E+00	4.06522E+02	2.75714E+03
4.29500E+00	3.92547E+02	2.72267E+03
4.38700E+00	3.79193E+02	2.68975E+03
4.47800E+00	3.67391E+02	2.65807E+03
4.56900E+00	3.56522E+02	2.62919E+03
4.65300E+00	3.47205E+02	2.60217E+03
4.73200E+00	3.39441E+02	2.57795E+03
4.80700E+00	3.32919E+02	2.55590E+03
4.87500E+00	3.27950E+02	2.53758E+03
4.93700E+00	3.24224E+02	2.52174E+03
4.99300E+00	3.21739E+02	2.50870E+03
5.04200E+00	3.20497E+02	2.49814E+03
5.08500E+00	3.19565E+02	2.48944E+03
5.12300E+00	3.19565E+02	2.48261E+03
5.15600E+00	3.19876E+02	2.47733E+03
5.18500E+00	3.20807E+02	2.47329E+03
5.21100E+00	3.21429E+02	2.46988E+03
5.23400E+00	3.22671E+02	2.46708E+03
5.25600E+00	3.23602E+02	2.46491E+03
5.27500E+00	3.24534E+02	2.46304E+03
5.29300E+00	3.25155E+02	2.46118E+03
5.31000E+00	3.25776E+02	2.45963E+03
5.32700E+00	3.26398E+02	2.45776E+03
5.34300E+00	3.26708E+02	2.45590E+03
5.35900E+00	3.27019E+02	2.45342E+03
5.37400E+00	3.27019E+02	2.45124E+03
5.39000E+00	3.26708E+02	2.44907E+03
5.40600E+00	3.26398E+02	2.44658E+03
5.42300E+00	3.26087E+02	2.44379E+03
5.43900E+00	3.25466E+02	2.44068E+03
5.45600E+00	3.24534E+02	2.43758E+03
5.47400E+00	3.23602E+02	2.43416E+03
5.49200E+00	3.22360E+02	2.43043E+03
5.51100E+00	3.21118E+02	2.42671E+03
5.53000E+00	3.19876E+02	2.42267E+03
5.55000E+00	3.18323E+02	2.41832E+03
5.57100E+00	3.16770E+02	2.41366E+03
5.59300E+00	3.15217E+02	2.40901E+03
5.61500E+00	3.13354E+02	2.40404E+03
5.63800E+00	3.11801E+02	2.39845E+03
5.66200E+00	3.09752E+02	2.39317E+03
5.68700E+00	3.07795E+02	2.38758E+03
5.71200E+00	3.05776E+02	2.38199E+03
5.73900E+00	3.03727E+02	2.37609E+03
5.76600E+00	3.01615E+02	2.37019E+03
5.79400E+00	2.99472E+02	2.36398E+03
5.82300E+00	2.97267E+02	2.35776E+03
5.85300E+00	2.95093E+02	2.35124E+03
5.88400E+00	2.92857E+02	2.34472E+03
5.91600E+00	2.90652E+02	2.33820E+03
5.94900E+00	2.88447E+02	2.33168E+03
5.98300E+00	2.86242E+02	2.32484E+03
6.01700E+00	2.84006E+02	2.31801E+03
6.05200E+00	2.81801E+02	2.31087E+03
6.08900E+00	2.79627E+02	2.30404E+03
6.12600E+00	2.77484E+02	2.29689E+03
6.16400E+00	2.75342E+02	2.28944E+03
6.20300E+00	2.73230E+02	2.28230E+03
6.24300E+00	2.71180E+02	2.27484E+03
6.28400E+00	2.69130E+02	2.26739E+03
6.32600E+00	2.67143E+02	2.25963E+03
6.36800E+00	2.65186E+02	2.25217E+03
6.41200E+00	2.63261E+02	2.24441E+03
6.45700E+00	2.61398E+02	2.23665E+03
6.50200E+00	2.59534E+02	2.22857E+03
6.54800E+00	2.57764E+02	2.22050E+03
6.59600E+00	2.55994E+02	2.21211E+03
6.64400E+00	2.54286E+02	2.20404E+03
6.69300E+00	2.52609E+02	2.19534E+03
6.74400E+00	2.50963E+02	2.18696E+03
6.79500E+00	2.49348E+02	2.17795E+03
6.84800E+00	2.47764E+02	2.16925E+03
6.90100E+00	2.46180E+02	2.15994E+03
6.95600E+00	2.44658E+02	2.15093E+03
7.01200E+00	2.43199E+02	2.14161E+03
7.07000E+00	2.41739E+02	2.13199E+03
7.12800E+00	2.40311E+02	2.12236E+03
7.18900E+00	2.38882E+02	2.11273E+03
7.24700E+00	2.37484E+02	2.10311E+03
7.31100E+00	2.36118E+02	2.09317E+03
7.37600E+00	2.34783E+02	2.08323E+03
7.44200E+00	2.33416E+02	2.07360E+03
7.51100E+00	2.32112E+02	2.06366E+03
7.58200E+00	2.30807E+02	2.05404E+03
7.65500E+00	2.29503E+02	2.04410E+03
7.73000E+00	2.28199E+02	2.03447E+03
7.80800E+00	2.26925E+02	2.02516E+03
7.88800E+00	2.25559E+02	2.01522E+03
7.97200E+00	2.24286E+02	2.00621E+03
8.05800E+00	2.23012E+02	1.99720E+03
8.14800E+00	2.21739E+02	1.98851E+03
8.24100E+00	2.20466E+02	1.98043E+03
8.33800E+00	2.19193E+02	1.97236E+03
8.43900E+00	2.17919E+02	1.96429E+03
8.54500E+00	2.16646E+02	1.95683E+03
8.65500E+00	2.15373E+02	1.95031E+03
8.77100E+00	2.14099E+02	1.94379E+03
8.89100E+00	2.12826E+02	1.93758E+03
9.01800E+00	2.11553E+02	1.93106E+03
9.15100E+00	2.10280E+02	1.92609E+03
9.29100E+00	2.09006E+02	1.92143E+03
9.43800E+00	2.07733E+02	1.91801E+03
9.59400E+00	2.06460E+02	1.91491E+03
9.75800E+00	2.05186E+02	1.91273E+03
9.93000E+00	2.03882E+02	1.91056E+03
1.01100E+01	2.02609E+02	1.90994E+03
1.03100E+01	2.01366E+02	1.91056E+03
1.05100E+01	2.00155E+02	1.91273E+03
1.07300E+01	1.98913E+02	1.91584E+03
1.09600E+01	1.97671E+02	1.92019E+03
1.12100E+01	1.96522E+02	1.92733E+03
1.14700E+01	1.95311E+02	1.93478E+03
1.17500E+01	1.94068E+02	1.94441E+03
1.20500E+01	1.92981E+02	1.95714E+03
1.23700E+01	1.91739E+02	1.97081E+03
1.27100E+01	1.90528E+02	1.98665E+03
1.30700E+01	1.89286E+02	2.00497E+03
1.34600E+01	1.88075E+02	2.02578E+03
1.38800E+01	1.86832E+02	2.04969E+03
1.43200E+01	1.85590E+02	2.07640E+03
1.47900E+01	1.84317E+02	2.10652E+03
1.53000E+01	1.83043E+02	2.14006E+03
1.58400E+01	1.81801E+02	2.17702E+03
1.64200E+01	1.80559E+02	2.21832E+03
1.70400E+01	1.79224E+02	2.26335E+03
1.77100E+01	1.77888E+02	2.31398E+03
1.84200E+01	1.76553E+02	2.36739E+03
1.91800E+01	1.75124E+02	2.42547E+03
1.99900E+01	1.73696E+02	2.48851E+03
2.08600E+01	1.72391E+02	2.55901E+03
2.17900E+01	1.70932E+02	2.63230E+03
2.27900E+01	1.69503E+02	2.71398E+03
2.38500E+01	1.67981E+02	2.79845E+03
2.49800E+01	1.66398E+02	2.88975E+03
2.61800E+01	1.64814E+02	2.98602E+03
2.74700E+01	1.63168E+02	3.08820E+03
