2.9270e-01 0.0000e+00 
3.0400e-01 0.0000e+00 
3.1540e-01 0.0000e+00 
3.2670e-01 0.0000e+00 
3.3820e-01 0.0000e+00 
3.4990e-01 0.0000e+00 
3.6190e-01 0.0000e+00 
3.7410e-01 0.0000e+00 
3.8660e-01 0.0000e+00 
3.9950e-01 0.0000e+00 
4.1280e-01 0.0000e+00 
4.2650e-01 0.0000e+00 
4.4070e-01 0.0000e+00 
4.5550e-01 0.0000e+00 
4.7080e-01 0.0000e+00 
4.8670e-01 0.0000e+00 
5.0330e-01 0.0000e+00 
5.2060e-01 0.0000e+00 
5.3860e-01 0.0000e+00 
5.5750e-01 0.0000e+00 
5.7720e-01 0.0000e+00 
5.9780e-01 0.0000e+00 
6.1940e-01 0.0000e+00 
6.4200e-01 0.0000e+00 
6.6580e-01 0.0000e+00 
6.9070e-01 0.0000e+00 
7.1680e-01 0.0000e+00 
7.4420e-01 0.0000e+00 
7.7300e-01 0.0000e+00 
8.0320e-01 0.0000e+00 
8.3480e-01 0.0000e+00 
8.6800e-01 0.0000e+00 
9.0280e-01 0.0000e+00 
9.3930e-01 0.0000e+00 
9.7740e-01 0.0000e+00 
1.0170e+00 0.0000e+00 
1.0590e+00 0.0000e+00 
1.1020e+00 0.0000e+00 
1.1480e+00 0.0000e+00 
1.1950e+00 0.0000e+00 
1.2440e+00 0.0000e+00 
1.2960e+00 0.0000e+00 
1.3490e+00 0.0000e+00 
1.4040e+00 0.0000e+00 
1.4620e+00 0.0000e+00 
1.5210e+00 0.0000e+00 
1.5830e+00 0.0000e+00 
1.6470e+00 0.0000e+00 
1.7120e+00 0.0000e+00 
1.7800e+00 0.0000e+00 
1.8500e+00 0.0000e+00 
1.9220e+00 0.0000e+00 
1.9960e+00 0.0000e+00 
2.0720e+00 0.0000e+00 
2.1500e+00 0.0000e+00 
2.2310e+00 0.0000e+00 
2.3140e+00 0.0000e+00 
2.4000e+00 0.0000e+00 
2.4880e+00 0.0000e+00 
2.5800e+00 0.0000e+00 
2.6750e+00 0.0000e+00 
2.7740e+00 0.0000e+00 
2.8760e+00 0.0000e+00 
2.9850e+00 3.4043e-02 
3.0950e+00 4.0159e-02 
3.2090e+00 4.6530e-02 
3.3270e+00 5.3115e-02 
3.4490e+00 5.9752e-02 
3.5760e+00 6.6445e-02 
3.7080e+00 7.3033e-02 
3.8450e+00 7.9444e-02 
3.9880e+00 8.5482e-02 
4.1350e+00 9.1071e-02 
4.2860e+00 9.5747e-02 
4.4350e+00 9.9172e-02 
4.5800e+00 1.0101e-01 
4.7130e+00 1.0093e-01 
4.8330e+00 9.9150e-02 
4.9370e+00 9.5775e-02 
5.0280e+00 9.1468e-02 
5.1050e+00 8.6706e-02 
5.1720e+00 8.2086e-02 
5.2310e+00 7.8493e-02 
5.2830e+00 7.7341e-02 
5.3320e+00 8.1243e-02 
5.3780e+00 9.4791e-02 
5.4230e+00 1.2556e-01 
5.4680e+00 1.8591e-01 
5.5120e+00 2.9402e-01 
5.5580e+00 4.7665e-01 
5.6050e+00 7.7041e-01 
5.6530e+00 1.2234e+00 
5.7040e+00 1.8984e+00 
5.7560e+00 2.8718e+00 
5.8090e+00 4.2330e+00 
5.8650e+00 6.0908e+00 
5.9220e+00 8.5548e+00 
5.9810e+00 1.1753e+01 
6.0410e+00 1.5819e+01 
6.1020e+00 2.0893e+01 
6.1650e+00 2.7101e+01 
6.2280e+00 3.4576e+01 
6.2920e+00 4.3447e+01 
6.3570e+00 5.3801e+01 
6.4230e+00 6.5777e+01 
6.4900e+00 7.9463e+01 
6.5580e+00 9.4955e+01 
6.6270e+00 1.1238e+02 
6.6970e+00 1.3178e+02 
6.7690e+00 1.5328e+02 
6.8430e+00 1.7699e+02 
6.9190e+00 2.0296e+02 
6.9990e+00 2.3137e+02 
7.0820e+00 2.6232e+02 
7.1690e+00 2.9605e+02 
7.2600e+00 3.3232e+02 
7.3570e+00 3.7195e+02 
7.4600e+00 4.1437e+02 
7.5700e+00 4.6038e+02 
7.6880e+00 5.0992e+02 
7.8150e+00 5.6291e+02 
7.9510e+00 6.2013e+02 
8.0990e+00 6.8144e+02 
8.2590e+00 7.4717e+02 
8.4330e+00 8.1697e+02 
8.6230e+00 8.9194e+02 
8.8300e+00 9.7217e+02 
9.0570e+00 1.0570e+03 
9.3060e+00 1.1473e+03 
9.5810e+00 1.2435e+03 
9.8850e+00 1.3451e+03 
1.0220e+01 1.4520e+03 
1.0600e+01 1.5643e+03 
1.1020e+01 1.6819e+03 
1.1490e+01 1.8037e+03 
1.2030e+01 1.9300e+03 
1.2650e+01 2.0595e+03 
1.3350e+01 2.1911e+03 
1.4160e+01 2.3223e+03 
1.5110e+01 2.4513e+03 
1.6200e+01 2.5766e+03 
1.7490e+01 2.6947e+03 
1.9000e+01 2.8051e+03 
2.0760e+01 2.9029e+03 
2.2840e+01 2.9869e+03 
2.5270e+01 3.0530e+03 
2.8130e+01 3.0992e+03 
3.1460e+01 3.1303e+03 
3.5360e+01 3.1400e+03 
3.9940e+01 3.1286e+03 
4.5270e+01 3.0992e+03 
5.1570e+01 3.0502e+03 
5.8950e+01 2.9824e+03 
6.7740e+01 2.8959e+03 
7.8170e+01 2.7919e+03 
9.0720e+01 2.6724e+03 
1.0590e+02 2.5373e+03 
1.2440e+02 2.3887e+03 
1.4730e+02 2.2276e+03 
1.7590e+02 2.0547e+03 
2.1220e+02 1.8747e+03 
2.5890e+02 1.6877e+03 
3.2000e+02 1.4955e+03 
4.0150e+02 1.3060e+03 
5.1210e+02 1.1196e+03 
6.6470e+02 9.4153e+02 
8.7720e+02 7.7773e+02 
1.1720e+03 6.3433e+02 
1.5710e+03 5.1492e+02 
2.0770e+03 4.2328e+02 
2.6540e+03 3.5972e+02 
3.2310e+03 3.2082e+02 
3.7440e+03 3.0042e+02 
4.1670e+03 2.9311e+02 
4.5060e+03 2.9377e+02 
4.7750e+03 3.0076e+02 
4.9900e+03 3.1205e+02 
5.1630e+03 3.2708e+02 
5.3040e+03 3.4534e+02 
5.4180e+03 3.6660e+02 
5.5130e+03 3.9063e+02 
5.5910e+03 4.1775e+02 
5.6560e+03 4.4764e+02 
5.7100e+03 4.8103e+02 
5.7550e+03 5.1749e+02 
5.7930e+03 5.5716e+02 
5.8250e+03 6.0117e+02 
5.8520e+03 6.4887e+02 
5.8740e+03 7.0082e+02 
5.8940e+03 7.5762e+02 
5.9100e+03 8.1929e+02 
5.9240e+03 8.8629e+02 
5.9350e+03 9.5919e+02 
5.9450e+03 1.0383e+03 
5.9530e+03 1.1246e+03 
5.9610e+03 1.2179e+03 
5.9670e+03 1.3191e+03 
5.9720e+03 1.4293e+03 
5.9760e+03 1.5492e+03 
5.9800e+03 1.6788e+03 
