2.414323855084169554e+04  -8.254861902904947112e-11
2.597613882171045407e+04  -4.570539801686524249e-13
2.794818875122489044e+04  -6.159884945674116564e-11
3.006995226793526308e+04  8.480670019786575510e-12
3.235279529004456344e+04  -5.983230698652344775e-10
3.480894661065589753e+04  -1.958271120082830740e-10
3.745156340529064619e+04  -5.980534155831384349e-13
4.029480171258984046e+04  -1.253424554130921370e-09
4.335389226575152861e+04  -7.297426445503041997e-13
4.664522208092003711e+04  9.205899170248703753e-12
5.018642223958190152e+04  6.546840571645514761e-13
5.399646233520348324e+04  -1.655913068792488320e-11
5.809575209004455246e+04  7.709299150851229628e-12
6.250625068649133027e+04  -6.989988331273774730e-11
6.725158439857803751e+04  7.394805061048140554e-11
7.235717315382850938e+04  -5.824497469680957181e-17
7.785036670338759723e+04  -3.198951692708876255e-12
8.376059112988223205e+04  2.800532876442956021e-11
9.011950647782905435e+04  2.100713351821300608e-13
9.696117635098753090e+04  -2.418844741735842000e-13
1.043222503851619113e+05  -9.560302316504672240e-12
1.122421605739271909e+05  -7.280562887898183845e-14
1.207633324989618268e+05  2.879377781507782686e-11
1.299314125965113199e+05  1.547115304755018921e-11
1.397955126774096861e+05  -8.932718903428418171e-13
1.504084730105100025e+05  -2.807704076012348962e-11
1.618271453788161743e+05  2.940320231589393728e-12
1.741126976245984551e+05  6.242385520343074956e-11
1.873309413148879248e+05  -2.628593880706539338e-12
2.015526842825970962e+05  2.487843644087259461e-11
2.168541099317678891e+05  6.002575739733039918e-12
2.333171853388194577e+05  1.751939242337094081e-11
2.510301003359232855e+05  -7.913423426090861778e-12
2.700877399285986321e+05  2.560655846716914316e-11
2.905921925781873870e+05  2.033600731139461080e-13
3.126532970719893347e+05  3.101309362676156932e-13
3.363892309105456225e+05  1.697181906743343698e-12
3.619271433639590978e+05  9.082031121256559876e-12
3.894038365884242230e+05  1.069798424593468369e-10
4.189664984515889664e+05  1.053903217635027270e-09
4.507734909923672676e+05  8.954070953051813976e-09
4.849951987388436683e+05  6.639026391978711051e-08
5.218149414285618113e+05  4.309115336558350994e-07
5.614299560204808367e+05  2.470140911623424863e-06
6.040524532590669114e+05  1.260168141946681894e-05
6.499107544503494864e+05  5.765838905023106632e-05
6.992505145394547144e+05  2.383359342548015602e-04
7.523360380414293613e+05  8.964147195802265678e-04
8.094516948745674454e+05  3.088570968209951133e-03
8.709034436806135345e+05  9.811497851077148613e-03
9.370204707920025103e+05  2.891361597370063069e-02
1.008156953625800204e+06  7.950116212884060507e-02
1.084693957950538257e+06  2.050722831248253664e-01
1.167041479189271806e+06  4.987913596603041899e-01
1.255640638693766668e+06  1.149205041805293481e+00
1.350966046754873358e+06  2.518800518419784140e+00
1.453528345007324591e+06  5.271282854353241731e+00
1.563876941848176531e+06  1.056744835475359956e+01
1.682602955522054574e+06  2.035353586283646266e+01
1.810342380638799397e+06  3.775406121432796880e+01
1.947779495085998205e+06  6.758738193017303786e+01
2.095650525586638367e+06  1.169960921447671893e+02
2.254747591537639499e+06  1.961798884998160304e+02
2.425922948255719151e+06  3.191890539637702204e+02
2.610093552360926755e+06  5.047755009709160277e+02
2.808245973753804341e+06  7.772582461702495493e+02
3.021441680498789065e+06  1.167326519335669900e+03
3.250822724924053997e+06  1.712882387721964506e+03
3.497617861397238448e+06  2.459769019770928935e+03
3.763149128548923880e+06  3.462466452177699466e+03
4.048838931203688029e+06  4.784670141655939005e+03
4.356217659955407493e+06  6.499608583012011877e+03
4.686931889203545637e+06  8.690398653443598960e+03
5.042753197565887123e+06  1.144986617190105062e+04
5.425587657917130738e+06  1.488015908588014281e+04
5.837486047889830545e+06  1.909197393372962324e+04
6.280654835533560254e+06  2.420341516148491428e+04
6.757467998980570585e+06  3.033797834602046714e+04
7.270479743433829397e+06  3.762293868699175800e+04
7.822438183600138873e+06  4.618677751357458328e+04
8.416300064862748608e+06  5.615582585245065275e+04
9.055246602052221075e+06  6.765180853849905543e+04
9.742700520661093295e+06  8.078813200892611349e+04
1.048234439178916067e+07  9.566637137467700813e+04
1.127814035903648660e+07  1.123728964108419459e+05
1.213435136301768944e+07  1.309751978474309581e+05
1.305556397719353065e+07  1.515188030701429816e+05
1.404671297734737210e+07  1.740252087173397013e+05
1.511310777632093988e+07  1.984908170303798979e+05
1.626046086561565287e+07  2.248881297043123632e+05
1.749491841621624306e+07  2.531693197839660861e+05
1.882309320255996287e+07  2.832719898197982111e+05
2.025210002601933107e+07  3.151277214169041836e+05
2.178959382765589654e+07  3.486672618368216208e+05
2.344381069440836459e+07  3.838396217693243525e+05
2.522361197837815806e+07  4.206110053655533120e+05
2.713853176555170119e+07  4.589715282730066683e+05
2.919882794824116305e+07  4.989540514649011893e+05
3.141553717482981086e+07  5.406210861042737961e+05
3.380053397117823362e+07  5.840765645043569384e+05
