2.414323855084169554e+04  5.287446736142095705e-02
2.597613882171045407e+04  5.321057524805168637e-02
2.794818875122489044e+04  5.357857216997054250e-02
3.006995226793526308e+04  5.398466332714538934e-02
3.235279529004456344e+04  5.443588208415429258e-02
3.480894661065589753e+04  5.493991379740433001e-02
3.745156340529064619e+04  5.550474350645134836e-02
4.029480171258984046e+04  5.613811357012023218e-02
4.335389226575152861e+04  5.684678267389743633e-02
4.664522208092003711e+04  5.763562096020960479e-02
5.018642223958190152e+04  5.850666344363295024e-02
5.399646233520348324e+04  5.945823366718715197e-02
5.809575209004455246e+04  6.048435212487075774e-02
6.250625068649133027e+04  6.157459433770816337e-02
6.725158439857803751e+04  6.271447719815551047e-02
7.235717315382850938e+04  6.388638039118385570e-02
7.785036670338759723e+04  6.507088391664228588e-02
8.376059112988223205e+04  6.624817636830351852e-02
9.011950647782905435e+04  6.739961782046009764e-02
9.696117635098753090e+04  6.850880557054678244e-02
1.043222503851619113e+05  6.956237110724697303e-02
1.122421605739271909e+05  7.055032816065535950e-02
1.207633324989618268e+05  7.146605565936084425e-02
1.299314125965113199e+05  7.230600435686822258e-02
1.397955126774096861e+05  7.306923379304289257e-02
1.504084730105100025e+05  7.375689366595733487e-02
1.618271453788161743e+05  7.437162703392642682e-02
1.741126976245984551e+05  7.491719859675431692e-02
1.873309413148879248e+05  7.539795554648089093e-02
2.015526842825970962e+05  7.581859737161324164e-02
2.168541099317678891e+05  7.618386308419167197e-02
2.333171853388194577e+05  7.649847892445131581e-02
2.510301003359232855e+05  7.676683591754002167e-02
2.700877399285986321e+05  7.699300093513331000e-02
2.905921925781873870e+05  7.718078007621181902e-02
3.126532970719893347e+05  7.733353981310811531e-02
3.363892309105456225e+05  7.745429579787899144e-02
3.619271433639590978e+05  7.754568198151695624e-02
3.894038365884242230e+05  7.761008655528939260e-02
4.189664984515889664e+05  7.764946150021528881e-02
4.507734909923672676e+05  7.766548126598328550e-02
4.849951987388436683e+05  7.765970940616642726e-02
5.218149414285618113e+05  7.763340391696028908e-02
5.614299560204808367e+05  7.758794733386345510e-02
6.040524532590669114e+05  7.752482568450413947e-02
6.499107544503494864e+05  7.744618273263544073e-02
6.992505145394547144e+05  7.735532411327089575e-02
7.523360380414293613e+05  7.725782329740742138e-02
8.094516948745674454e+05  7.716275659036772594e-02
8.709034436806135345e+05  7.708447665939320570e-02
9.370204707920025103e+05  7.704470022314244271e-02
1.008156953625800204e+06  7.707473908716525046e-02
1.084693957950538257e+06  7.721751641147110712e-02
1.167041479189271806e+06  7.752893493033875816e-02
1.255640638693766668e+06  7.807756949770043586e-02
1.350966046754873358e+06  7.894268587568574469e-02
1.453528345007324591e+06  8.020904248439683637e-02
1.563876941848176531e+06  8.195917137498155702e-02
1.682602955522054574e+06  8.426451129551015828e-02
1.810342380638799397e+06  8.717372713203494494e-02
1.947779495085998205e+06  9.070480191472626852e-02
2.095650525586638367e+06  9.484003263487141011e-02
2.254747591537639499e+06  9.952683298068883133e-02
2.425922948255719151e+06  1.046830415513360230e-01
2.610093552360926755e+06  1.102082874481708635e-01
2.808245973753804341e+06  1.159960149435067256e-01
3.021441680498789065e+06  1.219432256329107955e-01
3.250822724924053997e+06  1.279607070678932534e-01
3.497617861397238448e+06  1.339773111980569753e-01
3.763149128548923880e+06  1.399423131813709587e-01
4.048838931203688029e+06  1.458248431337338946e-01
4.356217659955407493e+06  1.516106433283524735e-01
4.686931889203545637e+06  1.573006074778839081e-01
5.042753197565887123e+06  1.629061621428483930e-01
5.425587657917130738e+06  1.684467284822194766e-01
5.837486047889830545e+06  1.739471144826983673e-01
6.280654835533560254e+06  1.794354110675778491e-01
6.757467998980570585e+06  1.849406282575120353e-01
7.270479743433829397e+06  1.904925814605553935e-01
7.822438183600138873e+06  1.961205658667565521e-01
8.416300064862748608e+06  2.018520097711451744e-01
9.055246602052221075e+06  2.077131733529107849e-01
9.742700520661093295e+06  2.137283587767570547e-01
1.048234439178916067e+07  2.199198860386670229e-01
1.127814035903648660e+07  2.263081559928155628e-01
1.213435136301768944e+07  2.329113115170857173e-01
1.305556397719353065e+07  2.397449373896851643e-01
1.404671297734737210e+07  2.468216144675126622e-01
1.511310777632093988e+07  2.541500676994605246e-01
1.626046086561565287e+07  2.617343401774980260e-01
1.749491841621624306e+07  2.695729134843853347e-01
1.882309320255996287e+07  2.776578694096875077e-01
2.025210002601933107e+07  2.859744967420989603e-01
2.178959382765589654e+07  2.945002906567059653e-01
2.344381069440836459e+07  3.032073606565746648e-01
2.522361197837815806e+07  3.120607369085803273e-01
2.713853176555170119e+07  3.210194999457373077e-01
2.919882794824116305e+07  3.300404212526984460e-01
3.141553717482981086e+07  3.390762320015081599e-01
3.380053397117823362e+07  3.480785953509001329e-01
