2.414323855084169554e+04  4.838553151341104240e+04
2.597613882171045407e+04  4.459541629335719335e+04
2.794818875122489044e+04  4.107087967072615720e+04
3.006995226793526308e+04  3.779927677991014207e+04
3.235279529004456344e+04  3.476714707480602374e+04
3.480894661065589753e+04  3.196059211875676192e+04
3.745156340529064619e+04  2.936555156829592306e+04
4.029480171258984046e+04  2.696804918404597993e+04
4.335389226575152861e+04  2.475441038173373818e+04
4.664522208092003711e+04  2.271145865595526993e+04
5.018642223958190152e+04  2.082669653541385196e+04
5.399646233520348324e+04  1.908844762393584460e+04
5.809575209004455246e+04  1.748596236501619933e+04
6.250625068649133027e+04  1.600946482534768438e+04
6.725158439857803751e+04  1.465013542241043615e+04
7.235717315382850938e+04  1.340003025353540033e+04
7.785036670338759723e+04  1.225194843086985020e+04
8.376059112988223205e+04  1.119927995822364755e+04
9.011950647782905435e+04  1.023583850170604455e+04
9.696117635098753090e+04  9.355735583319607031e+03
1.043222503851619113e+05  8.553284984977779459e+03
1.122421605739271909e+05  7.822953847687559573e+03
1.207633324989618268e+05  7.159349364868734483e+03
1.299314125965113199e+05  6.557230607699992106e+03
1.397955126774096861e+05  6.011532273332112709e+03
1.504084730105100025e+05  5.517389061305345422e+03
1.618271453788161743e+05  5.070163268086235803e+03
1.741126976245984551e+05  4.665459479472388921e+03
1.873309413148879248e+05  4.299141491301379574e+03
2.015526842825970962e+05  3.967339689095484118e+03
2.168541099317678891e+05  3.666470276055295471e+03
2.333171853388194577e+05  3.393216047611870181e+03
2.510301003359232855e+05  3.144574810784463352e+03
2.700877399285986321e+05  2.917834700650025752e+03
2.905921925781873870e+05  2.710561460115018690e+03
3.126532970719893347e+05  2.520606157520088800e+03
3.363892309105456225e+05  2.346080056342658736e+03
3.619271433639590978e+05  2.185338827165081966e+03
3.894038365884242230e+05  2.036946990493559497e+03
4.189664984515889664e+05  1.899674619942745949e+03
4.507734909923672676e+05  1.772457854676920078e+03
4.849951987388436683e+05  1.654367216535273201e+03
5.218149414285618113e+05  1.544607888561058189e+03
5.614299560204808367e+05  1.442483011964811567e+03
6.040524532590669114e+05  1.347402336597744579e+03
6.499107544503494864e+05  1.258872425082159680e+03
6.992505145394547144e+05  1.176515685170660163e+03
7.523360380414293613e+05  1.100084540349201689e+03
8.094516948745674454e+05  1.029498504629002355e+03
8.709034436806135345e+05  9.648871499383374157e+02
9.370204707920025103e+05  9.066107448296278335e+02
1.008156953625800204e+06  8.552962550861556110e+02
1.084693957950538257e+06  8.118141398369112949e+02
1.167041479189271806e+06  7.772483411921225525e+02
1.255640638693766668e+06  7.527587853738313015e+02
1.350966046754873358e+06  7.394536646624917466e+02
1.453528345007324591e+06  7.381196237565138745e+02
1.563876941848176531e+06  7.490502049186674185e+02
1.682602955522054574e+06  7.717921355016446796e+02
1.810342380638799397e+06  8.049913977691239779e+02
1.947779495085998205e+06  8.464334579299199959e+02
2.095650525586638367e+06  8.931693587972404202e+02
2.254747591537639499e+06  9.418294568869140448e+02
2.425922948255719151e+06  9.889755476658326643e+02
2.610093552360926755e+06  1.031507923262108989e+03
2.808245973753804341e+06  1.066948537304506090e+03
3.021441680498789065e+06  1.093565181194238448e+03
3.250822724924053997e+06  1.110440901297832852e+03
3.497617861397238448e+06  1.117371341559162374e+03
3.763149128548923880e+06  1.114733067147934662e+03
4.048838931203688029e+06  1.103314782938042981e+03
4.356217659955407493e+06  1.084148665029710855e+03
4.686931889203545637e+06  1.058402474707645979e+03
5.042753197565887123e+06  1.027262894568417551e+03
5.425587657917130738e+06  9.918702170623447500e+02
5.837486047889830545e+06  9.532775008567316490e+02
6.280654835533560254e+06  9.124295273112430777e+02
6.757467998980570585e+06  8.701448307563376829e+02
7.270479743433829397e+06  8.271299429130217504e+02
7.822438183600138873e+06  7.839792148105237857e+02
8.416300064862748608e+06  7.411798169950150168e+02
9.055246602052221075e+06  6.991319882674850987e+02
9.742700520661093295e+06  6.581569325464447502e+02
1.048234439178916067e+07  6.185100036507767527e+02
1.127814035903648660e+07  5.803937358616764186e+02
1.213435136301768944e+07  5.439677511611602085e+02
1.305556397719353065e+07  5.093583688377607928e+02
1.404671297734737210e+07  4.766658271808224754e+02
1.511310777632093988e+07  4.459687418264369967e+02
1.626046086561565287e+07  4.173265057677149343e+02
1.749491841621624306e+07  3.907798236891642318e+02
1.882309320255996287e+07  3.663496942018545610e+02
2.025210002601933107e+07  3.440362883327749728e+02
2.178959382765589654e+07  3.238180536340503295e+02
2.344381069440836459e+07  3.056543443041704222e+02
2.522361197837815806e+07  2.894850424608752633e+02
2.713853176555170119e+07  2.752340069409063403e+02
2.919882794824116305e+07  2.628160920826470601e+02
3.141553717482981086e+07  2.521389195780622003e+02
3.380053397117823362e+07  2.431085533093929598e+02
