2.414323855084169554e+04  2.290276840925790369e-01
2.597613882171045407e+04  2.381927364227464650e-01
2.794818875122489044e+04  2.480365645604996061e-01
3.006995226793526308e+04  2.586989335972700310e-01
3.235279529004456344e+04  2.703435788633463677e-01
3.480894661065589753e+04  2.831567043802899475e-01
3.745156340529064619e+04  2.973416878039962796e-01
4.029480171258984046e+04  3.131094328760924972e-01
4.335389226575152861e+04  3.306636019410629235e-01
4.664522208092003711e+04  3.501808190360233830e-01
5.018642223958190152e+04  3.717880407895750028e-01
5.399646233520348324e+04  3.955390061965176618e-01
5.809575209004455246e+04  4.213947242516136726e-01
6.250625068649133027e+04  4.492122577902477598e-01
6.725158439857803751e+04  4.787446301609579180e-01
7.235717315382850938e+04  5.096535126993416709e-01
7.785036670338759723e+04  5.415338357614596365e-01
8.376059112988223205e+04  5.739407590096770040e-01
9.011950647782905435e+04  6.064279286050309192e-01
9.696117635098753090e+04  6.385732255688576497e-01
1.043222503851619113e+05  6.700027934904470017e-01
1.122421605739271909e+05  7.004056945865175798e-01
1.207633324989618268e+05  7.295405578799896151e-01
1.299314125965113199e+05  7.572353894005714459e-01
1.397955126774096861e+05  7.833824041436987518e-01
1.504084730105100025e+05  8.079304944414669176e-01
1.618271453788161743e+05  8.308721946329011843e-01
1.741126976245984551e+05  8.522410219199140213e-01
1.873309413148879248e+05  8.720932942428903933e-01
2.015526842825970962e+05  8.905060430238580516e-01
2.168541099317678891e+05  9.075686237510001142e-01
2.333171853388194577e+05  9.233767792353906323e-01
2.510301003359232855e+05  9.380299573392391066e-01
2.700877399285986321e+05  9.516257533577248129e-01
2.905921925781873870e+05  9.642646682637344702e-01
3.126532970719893347e+05  9.760418234565521045e-01
3.363892309105456225e+05  9.870513247683257996e-01
3.619271433639590978e+05  9.973851545904909299e-01
3.894038365884242230e+05  1.007134851859786240e+00
4.189664984515889664e+05  1.016390144535706641e+00
4.507734909923672676e+05  1.025239018288920390e+00
4.849951987388436683e+05  1.033776246832208923e+00
5.218149414285618113e+05  1.042095971802254661e+00
5.614299560204808367e+05  1.050308463287242811e+00
6.040524532590669114e+05  1.058540190021377780e+00
6.499107544503494864e+05  1.066956625146194160e+00
6.992505145394547144e+05  1.075783282437360322e+00
7.523360380414293613e+05  1.085351004646267326e+00
8.094516948745674454e+05  1.096145426900465791e+00
8.709034436806135345e+05  1.108876723018380472e+00
9.370204707920025103e+05  1.124559603885300518e+00
1.008156953625800204e+06  1.144595790598576857e+00
1.084693957950538257e+06  1.170843841851819667e+00
1.167041479189271806e+06  1.205659489283595898e+00
1.255640638693766668e+06  1.251863954819527613e+00
1.350966046754873358e+06  1.312646534147132060e+00
1.453528345007324591e+06  1.391338704425725492e+00
1.563876941848176531e+06  1.491096649305185595e+00
1.682602955522054574e+06  1.614554446089792483e+00
1.810342380638799397e+06  1.763372727112481941e+00
1.947779495085998205e+06  1.937963858411221096e+00
2.095650525586638367e+06  2.137341105967641930e+00
2.254747591537639499e+06  2.359204000228980913e+00
2.425922948255719151e+06  2.600193619215831475e+00
2.610093552360926755e+06  2.856378362091513967e+00
2.808245973753804341e+06  3.123744881781842064e+00
3.021441680498789065e+06  3.398571519253830164e+00
3.250822724924053997e+06  3.677823377419719542e+00
3.497617861397238448e+06  3.959292105736630152e+00
3.763149128548923880e+06  4.241665701803625232e+00
4.048838931203688029e+06  4.524484769348140922e+00
4.356217659955407493e+06  4.807994246209645439e+00
4.686931889203545637e+06  5.093082001375298873e+00
5.042753197565887123e+06  5.381085667278679985e+00
5.425587657917130738e+06  5.673693222679843551e+00
5.837486047889830545e+06  5.972841918917144888e+00
6.280654835533560254e+06  6.280639318103570901e+00
6.757467998980570585e+06  6.599269515361088523e+00
7.270479743433829397e+06  6.931002696473479219e+00
7.822438183600138873e+06  7.278147082862576056e+00
8.416300064862748608e+06  7.642994941765669736e+00
9.055246602052221075e+06  8.027866451765087064e+00
9.742700520661093295e+06  8.435077720892195430e+00
1.048234439178916067e+07  8.866941382364686319e+00
1.127814035903648660e+07  9.325765620207636886e+00
1.213435136301768944e+07  9.813822472761513538e+00
1.305556397719353065e+07  1.033330534296687375e+01
1.404671297734737210e+07  1.088626419389156297e+01
1.511310777632093988e+07  1.147450200004708876e+01
1.626046086561565287e+07  1.209945803038441348e+01
1.749491841621624306e+07  1.276207766224340290e+01
1.882309320255996287e+07  1.346267994773422139e+01
2.025210002601933107e+07  1.420085745934822263e+01
2.178959382765589654e+07  1.497533389700558004e+01
2.344381069440836459e+07  1.578409166801208130e+01
2.522361197837815806e+07  1.662421193258447971e+01
2.713853176555170119e+07  1.749193273078187261e+01
2.919882794824116305e+07  1.838293668204186915e+01
3.141553717482981086e+07  1.929221892735789368e+01
3.380053397117823362e+07  2.021435735043898063e+01
