2.414323855084169554e+04  2.611590810621989833e-01
2.597613882171045407e+04  2.542859664074688109e-01
2.794818875122489044e+04  2.476211797893425326e-01
3.006995226793526308e+04  2.411082903528825594e-01
3.235279529004456344e+04  2.346909919533960165e-01
3.480894661065589753e+04  2.283138066178670988e-01
3.745156340529064619e+04  2.219242571576474921e-01
4.029480171258984046e+04  2.154755150917009310e-01
4.335389226575152861e+04  2.089295926250130109e-01
4.664522208092003711e+04  2.022608695865543704e-01
5.018642223958190152e+04  1.954588123669407651e-01
5.399646233520348324e+04  1.885304169213728731e-01
5.809575209004455246e+04  1.815008193558211025e-01
6.250625068649133027e+04  1.744119366005015548e-01
6.725158439857803751e+04  1.673194059090862273e-01
7.235717315382850938e+04  1.602878116076252302e-01
7.785036670338759723e+04  1.533848469113037738e-01
8.376059112988223205e+04  1.466766506415237981e-01
9.011950647782905435e+04  1.402214919921326852e-01
9.696117635098753090e+04  1.340672996708711928e-01
1.043222503851619113e+05  1.282493348708020064e-01
1.122421605739271909e+05  1.227896360718723212e-01
1.207633324989618268e+05  1.176976129019728784e-01
1.299314125965113199e+05  1.129715064635752192e-01
1.397955126774096861e+05  1.086003992494025405e-01
1.504084730105100025e+05  1.045663375847594861e-01
1.618271453788161743e+05  1.008472567753694454e-01
1.741126976245984551e+05  9.741779849874043773e-02
1.873309413148879248e+05  9.425273210842843863e-02
2.015526842825970962e+05  9.132727361570629199e-02
2.168541099317678891e+05  8.861846286213918844e-02
2.333171853388194577e+05  8.610558529629311342e-02
2.510301003359232855e+05  8.377054317119557447e-02
2.700877399285986321e+05  8.159801502683694530e-02
2.905921925781873870e+05  7.957396899556908043e-02
3.126532970719893347e+05  7.768664918107145989e-02
3.363892309105456225e+05  7.592526985770504944e-02
3.619271433639590978e+05  7.427988313695509104e-02
3.894038365884242230e+05  7.274062833397156036e-02
4.189664984515889664e+05  7.129827175674914586e-02
4.507734909923672676e+05  6.994395403423592228e-02
4.849951987388436683e+05  6.866792349880643243e-02
5.218149414285618113e+05  6.746162953669829210e-02
5.614299560204808367e+05  6.631557364762423468e-02
6.040524532590669114e+05  6.522132091486164407e-02
6.499107544503494864e+05  6.417038698643483252e-02
6.992505145394547144e+05  6.315537236327636861e-02
7.523360380414293613e+05  6.216885802488797408e-02
8.094516948745674454e+05  6.120435492301969788e-02
8.709034436806135345e+05  6.025620738521070968e-02
9.370204707920025103e+05  5.931968942185224247e-02
1.008156953625800204e+06  5.839110435520523945e-02
1.084693957950538257e+06  5.746798514802641672e-02
1.167041479189271806e+06  5.654876575547750778e-02
1.255640638693766668e+06  5.563369928462894715e-02
1.350966046754873358e+06  5.472399846374290111e-02
1.453528345007324591e+06  5.382238536372061649e-02
1.563876941848176531e+06  5.293259575431913388e-02
1.682602955522054574e+06  5.205812673301046106e-02
1.810342380638799397e+06  5.120338288698830786e-02
1.947779495085998205e+06  5.037193793864991331e-02
2.095650525586638367e+06  4.956639552667931742e-02
2.254747591537639499e+06  4.878792103227271026e-02
2.425922948255719151e+06  4.803636078579223700e-02
2.610093552360926755e+06  4.731001107212978035e-02
2.808245973753804341e+06  4.660568850988298928e-02
3.021441680498789065e+06  4.592022707673517473e-02
3.250822724924053997e+06  4.524973058225287975e-02
3.497617861397238448e+06  4.459049066673870243e-02
3.763149128548923880e+06  4.393902498222337222e-02
4.048838931203688029e+06  4.329235945453172030e-02
4.356217659955407493e+06  4.264808542639957067e-02
4.686931889203545637e+06  4.200420741133122776e-02
5.042753197565887123e+06  4.135913685393330375e-02
5.425587657917130738e+06  4.071174924853213778e-02
5.837486047889830545e+06  4.006124425086256269e-02
6.280654835533560254e+06  3.940701587920358850e-02
6.757467998980570585e+06  3.874881018454828102e-02
7.270479743433829397e+06  3.808643992344525053e-02
7.822438183600138873e+06  3.741985826611697596e-02
8.416300064862748608e+06  3.674921283628095059e-02
9.055246602052221075e+06  3.607463615405434587e-02
9.742700520661093295e+06  3.539624910556399967e-02
1.048234439178916067e+07  3.471403692086998810e-02
1.127814035903648660e+07  3.402766035618366713e-02
1.213435136301768944e+07  3.333629558144789173e-02
1.305556397719353065e+07  3.263843051037094295e-02
1.404671297734737210e+07  3.193167971427386675e-02
1.511310777632093988e+07  3.121270602085823159e-02
1.626046086561565287e+07  3.047723207718942492e-02
1.749491841621624306e+07  2.972019815133311246e-02
1.882309320255996287e+07  2.893608201571148952e-02
2.025210002601933107e+07  2.811932009041153216e-02
2.178959382765589654e+07  2.726490314611988361e-02
2.344381069440836459e+07  2.636865865165598927e-02
2.522361197837815806e+07  2.542796311084537242e-02
2.713853176555170119e+07  2.444205444710892752e-02
2.919882794824116305e+07  2.341196140094911962e-02
3.141553717482981086e+07  2.234085402312131416e-02
3.380053397117823362e+07  2.123374838606846213e-02

