0.000000000000000000e+00 0.000000000000000000e+00
1.588150259453297020e+00 0.000000000000000000e+00
1.615446566431967934e+00 0.000000000000000000e+00
1.643197974590837607e+00 0.000000000000000000e+00
1.671415504284861964e+00 0.000000000000000000e+00
1.700111763501706452e+00 0.000000000000000000e+00
1.729299471482341755e+00 0.000000000000000000e+00
1.758991360683917371e+00 0.000000000000000000e+00
1.789200361649314841e+00 0.000000000000000000e+00
1.819939460554359290e+00 0.000000000000000000e+00
1.851221640101579080e+00 0.000000000000000000e+00
1.883059913129886409e+00 0.000000000000000000e+00
1.915467360024699639e+00 0.000000000000000000e+00
1.948456840171189253e+00 0.000000000000000000e+00
1.982041313051040810e+00 0.000000000000000000e+00
2.016233652917190255e+00 0.000000000000000000e+00
2.051046697338679614e+00 0.000000000000000000e+00
2.086492928867381025e+00 0.000000000000000000e+00
2.122584888681884774e+00 0.000000000000000000e+00
2.159335020860055909e+00 0.000000000000000000e+00
2.196755139791896738e+00 0.000000000000000000e+00
2.234857232303222752e+00 0.000000000000000000e+00
2.273652590725941280e+00 0.000000000000000000e+00
2.313152471090003992e+00 0.000000000000000000e+00
2.353367471461718097e+00 0.000000000000000000e+00
2.394308155512475000e+00 0.000000000000000000e+00
2.435984055507095292e+00 0.000000000000000000e+00
2.478404695699564009e+00 0.000000000000000000e+00
2.521578786643042136e+00 0.000000000000000000e+00
2.565514692588767520e+00 0.000000000000000000e+00
2.610219848670558562e+00 0.000000000000000000e+00
2.655701332133583392e+00 0.000000000000000000e+00
2.701965096985357029e+00 0.000000000000000000e+00
2.749016706490226447e+00 0.000000000000000000e+00
2.796860378958232030e+00 0.000000000000000000e+00
2.845499595486983502e+00 0.000000000000000000e+00
2.894937022543762950e+00 0.000000000000000000e+00
2.945173803435744198e+00 0.000000000000000000e+00
2.996210350280043233e+00 0.000000000000000000e+00
3.048046451548428237e+00 0.000000000000000000e+00
3.100680376138040373e+00 0.000000000000000000e+00
3.154110086311648686e+00 0.000000000000000000e+00
3.208333096790458416e+00 0.000000000000000000e+00
3.263346539849426797e+00 0.000000000000000000e+00
3.319147966456594823e+00 0.000000000000000000e+00
3.375734754827862005e+00 0.000000000000000000e+00
3.433105788921742452e+00 0.000000000000000000e+00
3.491260210839617351e+00 0.000000000000000000e+00
3.550199132179843176e+00 0.000000000000000000e+00
3.609924278038957102e+00 0.000000000000000000e+00
3.670438286198491440e+00 0.000000000000000000e+00
3.731743758020428903e+00 0.000000000000000000e+00
3.793840946718726848e+00 0.000000000000000000e+00
3.856724409777106288e+00 0.000000000000000000e+00
3.920378491766528306e+00 0.000000000000000000e+00
3.984770734929186542e+00 0.000000000000000000e+00
4.049842633750785126e+00 0.000000000000000000e+00
4.115501198924351733e+00 0.000000000000000000e+00
4.181608095197161923e+00 0.000000000000000000e+00
4.247971829496647089e+00 3.483277668649980620e-15
4.314341613223922955e+00 1.876657584645896245e-14
4.380406750522896075e+00 9.362971665483359043e-14
4.445803069080029424e+00 4.341446278720070337e-13
4.510123454978103297e+00 1.877314180709165642e-12
4.572936272222143828e+00 7.594955857531803614e-12
4.633809205772971396e+00 2.883827911302527309e-11
4.692332853944612303e+00 1.030845153341366065e-10
4.748144379694430484e+00 3.479272141914022154e-10
4.800947228922010979e+00 1.112030492633154372e-09
4.850523563849949760e+00 3.375300300138497962e-09
4.896742348252011823e+00 9.756206093138567587e-09
4.939557934728197708e+00 2.692733956944583339e-08
4.979004026082973766e+00 7.115100202781991733e-08
5.015183077846049997e+00 1.804382598017900098e-07
5.048253101551956945e+00 4.402194082426652817e-07
5.078413773812608945e+00 1.035569082728583602e-06
5.105892865936796809e+00 2.353830799996964808e-06
5.130933959224216245e+00 5.179810247600363773e-06
5.153781579235536370e+00 1.105573846806610761e-05
5.174685062504646993e+00 2.292639864097490245e-05
5.193880605873975931e+00 4.626345147279109857e-05
5.211589956811566893e+00 9.097475647045446027e-05
5.228021591225242126e+00 1.745675955233103906e-04
5.243365851231631680e+00 3.272653593675886705e-04
5.257795340750018198e+00 6.000992108172080799e-04
5.271465351458831883e+00 1.077429363824018195e-03
5.284514960532098904e+00 1.895921238457086606e-03
5.297066620040674856e+00 3.272729892842572708e-03
5.309229763518787060e+00 5.546575561838647424e-03
5.321100516820830073e+00 9.236488484978301605e-03
5.332763442489168781e+00 1.512435298855907030e-02
5.344292773235454597e+00 2.436890965477136670e-02
5.355753680017551588e+00 3.866062073809059529e-02
5.367203370135213092e+00 6.042867029046836147e-02
5.378692106992427391e+00 9.311353169620893711e-02
5.390264041151977104e+00 1.415203493287871261e-01
5.401958054439662149e+00 2.122706945622698238e-01
5.413808898331367914e+00 3.143724826841596820e-01
5.425846337181567947e+00 4.599279270487690030e-01
5.438098556727468669e+00 6.650044811845784443e-01
5.450589573920937347e+00 9.506895386455253005e-01
5.463340990893511773e+00 1.344352598827345480e+00
5.476370988696777964e+00 1.881140114902110749e+00
5.489700516115310513e+00 2.605738211190771647e+00
5.503344036436627285e+00 3.574380867075241053e+00
5.517316319956160342e+00 4.857181244627548189e+00
5.531630931147204500e+00 6.540758954688502769e+00
5.546300189586321316e+00 8.731178272269984220e+00
5.561336087724085608e+00 1.155724768789557011e+01
5.576749015630391604e+00 1.517407260036864969e+01
5.592548893863220627e+00 1.976700587202258674e+01
5.608745360556391724e+00 2.555586018286825123e+01
5.625346858206297540e+00 3.279938609969525487e+01
5.642361368444989367e+00 4.180005388971657965e+01
5.659796315907458464e+00 5.290896458039338057e+01
5.677658568009674056e+00 6.653115128792363464e+01
5.695954444435895603e+00 8.313072827105176543e+01
5.714689736905055106e+00 1.032361929932769584e+02
5.733870124680477964e+00 1.274459729638393242e+02
5.753499602557886838e+00 1.564334724525054412e+02
5.773582846674220725e+00 1.909525600425314451e+02
5.794123653658732387e+00 2.318425097081460819e+02
5.815125328179354014e+00 2.800316759088848357e+02
5.836590752328835841e+00 3.365436185247772300e+02
5.858522321842393410e+00 4.024999471543650884e+02
5.880922022684663908e+00 4.791232017570616222e+02
5.903791426266301379e+00 5.677406339014605692e+02
5.927131694422262065e+00 6.697865080460582021e+02
5.950943639909425542e+00 7.868005018916438758e+02
5.975227799642845561e+00 9.204357759061391562e+02
5.999984327886192403e+00 1.072448395614220772e+03
6.025213163601918609e+00 1.244707746792900252e+03
6.050914075295866112e+00 1.439186161908597342e+03
6.077086603087683336e+00 1.657962767296244238e+03
6.103730223125086063e+00 1.903209766817310083e+03
6.130844343908084859e+00 2.177204591856104798e+03
6.158428315439658185e+00 2.482322014017031506e+03
6.186481687226764059e+00 2.821004116669528685e+03
6.215004079091515088e+00 3.195788629730760931e+03
6.243995173843094548e+00 3.609313062138452096e+03
6.273455234042829787e+00 4.064207642583426150e+03
6.303384946665466337e+00 4.563267873436589980e+03
6.333784288737151158e+00 5.109254192023307041e+03
6.364654999512768363e+00 5.705027350682506949e+03
6.395998914288423265e+00 6.353464093145112201e+03
6.427818530819860321e+00 7.057544600673908462e+03
6.460116938345509929e+00 7.820107721072127788e+03
6.492898166294884810e+00 8.644277022933811168e+03
6.526166873411594516e+00 9.532931318217044463e+03
6.559928785920633665e+00 1.048914094661596027e+04
6.594190301915549668e+00 1.151599531666777148e+04
6.628959196714327540e+00 1.261641812017865595e+04
6.664243560342875128e+00 1.379342345770089014e+04
6.700054995553800019e+00 1.505006580258661052e+04
6.736404047506111326e+00 1.638963733471165324e+04
6.773301789118070459e+00 1.781487233086451306e+04
6.810762719076522309e+00 1.932909581002324558e+04
6.848801884771817505e+00 2.093519107992197678e+04
6.887435788117982405e+00 2.263633606401531142e+04
6.926682627862877695e+00 2.443560239289997480e+04
6.966562307451913405e+00 2.633642911693507995e+04
7.007094593331943067e+00 2.834150033064938907e+04
7.048303310536157440e+00 3.045434031237120507e+04
7.090212589004924126e+00 3.267842207966059141e+04
7.132849724939333669e+00 3.501617017424132064e+04
7.176241719358161575e+00 3.747219362492773507e+04
7.220420504068756351e+00 4.004872426232475118e+04
7.265417007532933624e+00 4.275012347226493875e+04
7.311266317231805090e+00 4.557929896566770185e+04
7.358005696820024255e+00 4.854098289020547963e+04
7.405674151583352405e+00 5.163747703762707533e+04
7.454313071473917418e+00 5.487383502588617557e+04
7.503966867240007055e+00 5.825405084416566388e+04
7.554683170513428969e+00 6.178110919619291235e+04
7.606512325474022340e+00 6.546054470694605698e+04
7.659506512807052303e+00 6.929630805584900372e+04
7.713722903153088062e+00 7.329257055795915949e+04
7.769222645750383904e+00 7.745470662759977859e+04
7.826066652251649991e+00 8.178712304884531477e+04
7.884325418767648586e+00 8.629388050620266586e+04
7.944067703305119466e+00 9.098134358272602549e+04
8.005371964397140161e+00 9.585442648252157960e+04
8.068316749168378266e+00 1.009183542636177590e+05
8.132988967034657790e+00 1.061791330312632344e+05
8.199479154706999395e+00 1.116418015357430850e+05
8.267881401316287793e+00 1.173128718642464228e+05
8.338299612292829011e+00 1.231978848170765268e+05
8.410838920827444554e+00 1.293036826536753360e+05
8.485615239837114743e+00 1.356361739967391186e+05
8.562748188692854256e+00 1.422015285718699160e+05
8.642365411631088179e+00 1.490070996296816447e+05
8.724602396760715806e+00 1.560582822998627380e+05
8.809602159476337846e+00 1.633627827529706410e+05
8.897514074326998923e+00 1.709268307903268142e+05
8.988498895856130488e+00 1.787582948366407945e+05
9.082734401443858019e+00 1.868633992769338365e+05
9.180371758497717138e+00 1.952480612459508120e+05
9.281624415573308085e+00 2.039207844628112507e+05
9.386681991115652934e+00 2.128875173905685951e+05
9.495752258056544548e+00 2.221550120446651708e+05
