2.414323855084169554e+04 2.611590810621989833e-01 5.287446736142095705e-02 -8.254861902904947112e-11 4.838553151341104240e+04
2.597613882171045407e+04 2.542859664074688109e-01 5.321057524805168637e-02 -4.570539801686524249e-13 4.459541629335719335e+04
2.794818875122489044e+04 2.476211797893425326e-01 5.357857216997054250e-02 -6.159884945674116564e-11 4.107087967072615720e+04
3.006995226793526308e+04 2.411082903528825594e-01 5.398466332714538934e-02 8.480670019786575510e-12 3.779927677991014207e+04
3.235279529004456344e+04 2.346909919533960165e-01 5.443588208415429258e-02 -5.983230698652344775e-10 3.476714707480602374e+04
3.480894661065589753e+04 2.283138066178670988e-01 5.493991379740433001e-02 -1.958271120082830740e-10 3.196059211875676192e+04
3.745156340529064619e+04 2.219242571576474921e-01 5.550474350645134836e-02 -5.980534155831384349e-13 2.936555156829592306e+04
4.029480171258984046e+04 2.154755150917009310e-01 5.613811357012023218e-02 -1.253424554130921370e-09 2.696804918404597993e+04
4.335389226575152861e+04 2.089295926250130109e-01 5.684678267389743633e-02 -7.297426445503041997e-13 2.475441038173373818e+04
4.664522208092003711e+04 2.022608695865543704e-01 5.763562096020960479e-02 9.205899170248703753e-12 2.271145865595526993e+04
5.018642223958190152e+04 1.954588123669407651e-01 5.850666344363295024e-02 6.546840571645514761e-13 2.082669653541385196e+04
5.399646233520348324e+04 1.885304169213728731e-01 5.945823366718715197e-02 -1.655913068792488320e-11 1.908844762393584460e+04
5.809575209004455246e+04 1.815008193558211025e-01 6.048435212487075774e-02 7.709299150851229628e-12 1.748596236501619933e+04
6.250625068649133027e+04 1.744119366005015548e-01 6.157459433770816337e-02 -6.989988331273774730e-11 1.600946482534768438e+04
6.725158439857803751e+04 1.673194059090862273e-01 6.271447719815551047e-02 7.394805061048140554e-11 1.465013542241043615e+04
7.235717315382850938e+04 1.602878116076252302e-01 6.388638039118385570e-02 -5.824497469680957181e-17 1.340003025353540033e+04
7.785036670338759723e+04 1.533848469113037738e-01 6.507088391664228588e-02 -3.198951692708876255e-12 1.225194843086985020e+04
8.376059112988223205e+04 1.466766506415237981e-01 6.624817636830351852e-02 2.800532876442956021e-11 1.119927995822364755e+04
9.011950647782905435e+04 1.402214919921326852e-01 6.739961782046009764e-02 2.100713351821300608e-13 1.023583850170604455e+04
9.696117635098753090e+04 1.340672996708711928e-01 6.850880557054678244e-02 -2.418844741735842000e-13 9.355735583319607031e+03
1.043222503851619113e+05 1.282493348708020064e-01 6.956237110724697303e-02 -9.560302316504672240e-12 8.553284984977779459e+03
1.122421605739271909e+05 1.227896360718723212e-01 7.055032816065535950e-02 -7.280562887898183845e-14 7.822953847687559573e+03
1.207633324989618268e+05 1.176976129019728784e-01 7.146605565936084425e-02 2.879377781507782686e-11 7.159349364868734483e+03
1.299314125965113199e+05 1.129715064635752192e-01 7.230600435686822258e-02 1.547115304755018921e-11 6.557230607699992106e+03
1.397955126774096861e+05 1.086003992494025405e-01 7.306923379304289257e-02 -8.932718903428418171e-13 6.011532273332112709e+03
1.504084730105100025e+05 1.045663375847594861e-01 7.375689366595733487e-02 -2.807704076012348962e-11 5.517389061305345422e+03
1.618271453788161743e+05 1.008472567753694454e-01 7.437162703392642682e-02 2.940320231589393728e-12 5.070163268086235803e+03
1.741126976245984551e+05 9.741779849874043773e-02 7.491719859675431692e-02 6.242385520343074956e-11 4.665459479472388921e+03
1.873309413148879248e+05 9.425273210842843863e-02 7.539795554648089093e-02 -2.628593880706539338e-12 4.299141491301379574e+03
2.015526842825970962e+05 9.132727361570629199e-02 7.581859737161324164e-02 2.487843644087259461e-11 3.967339689095484118e+03
2.168541099317678891e+05 8.861846286213918844e-02 7.618386308419167197e-02 6.002575739733039918e-12 3.666470276055295471e+03
2.333171853388194577e+05 8.610558529629311342e-02 7.649847892445131581e-02 1.751939242337094081e-11 3.393216047611870181e+03
2.510301003359232855e+05 8.377054317119557447e-02 7.676683591754002167e-02 -7.913423426090861778e-12 3.144574810784463352e+03
2.700877399285986321e+05 8.159801502683694530e-02 7.699300093513331000e-02 2.560655846716914316e-11 2.917834700650025752e+03
2.905921925781873870e+05 7.957396899556908043e-02 7.718078007621181902e-02 2.033600731139461080e-13 2.710561460115018690e+03
3.126532970719893347e+05 7.768664918107145989e-02 7.733353981310811531e-02 3.101309362676156932e-13 2.520606157520088800e+03
3.363892309105456225e+05 7.592526985770504944e-02 7.745429579787899144e-02 1.697181906743343698e-12 2.346080056342658736e+03
3.619271433639590978e+05 7.427988313695509104e-02 7.754568198151695624e-02 9.082031121256559876e-12 2.185338827165081966e+03
3.894038365884242230e+05 7.274062833397156036e-02 7.761008655528939260e-02 1.069798424593468369e-10 2.036946990493559497e+03
4.189664984515889664e+05 7.129827175674914586e-02 7.764946150021528881e-02 1.053903217635027270e-09 1.899674619942745949e+03
4.507734909923672676e+05 6.994395403423592228e-02 7.766548126598328550e-02 8.954070953051813976e-09 1.772457854676920078e+03
4.849951987388436683e+05 6.866792349880643243e-02 7.765970940616642726e-02 6.639026391978711051e-08 1.654367216535273201e+03
5.218149414285618113e+05 6.746162953669829210e-02 7.763340391696028908e-02 4.309115336558350994e-07 1.544607888561058189e+03
5.614299560204808367e+05 6.631557364762423468e-02 7.758794733386345510e-02 2.470140911623424863e-06 1.442483011964811567e+03
6.040524532590669114e+05 6.522132091486164407e-02 7.752482568450413947e-02 1.260168141946681894e-05 1.347402336597744579e+03
6.499107544503494864e+05 6.417038698643483252e-02 7.744618273263544073e-02 5.765838905023106632e-05 1.258872425082159680e+03
6.992505145394547144e+05 6.315537236327636861e-02 7.735532411327089575e-02 2.383359342548015602e-04 1.176515685170660163e+03
7.523360380414293613e+05 6.216885802488797408e-02 7.725782329740742138e-02 8.964147195802265678e-04 1.100084540349201689e+03
8.094516948745674454e+05 6.120435492301969788e-02 7.716275659036772594e-02 3.088570968209951133e-03 1.029498504629002355e+03
8.709034436806135345e+05 6.025620738521070968e-02 7.708447665939320570e-02 9.811497851077148613e-03 9.648871499383374157e+02
9.370204707920025103e+05 5.931968942185224247e-02 7.704470022314244271e-02 2.891361597370063069e-02 9.066107448296278335e+02
1.008156953625800204e+06 5.839110435520523945e-02 7.707473908716525046e-02 7.950116212884060507e-02 8.552962550861556110e+02
1.084693957950538257e+06 5.746798514802641672e-02 7.721751641147110712e-02 2.050722831248253664e-01 8.118141398369112949e+02
1.167041479189271806e+06 5.654876575547750778e-02 7.752893493033875816e-02 4.987913596603041899e-01 7.772483411921225525e+02
1.255640638693766668e+06 5.563369928462894715e-02 7.807756949770043586e-02 1.149205041805293481e+00 7.527587853738313015e+02
1.350966046754873358e+06 5.472399846374290111e-02 7.894268587568574469e-02 2.518800518419784140e+00 7.394536646624917466e+02
1.453528345007324591e+06 5.382238536372061649e-02 8.020904248439683637e-02 5.271282854353241731e+00 7.381196237565138745e+02
1.563876941848176531e+06 5.293259575431913388e-02 8.195917137498155702e-02 1.056744835475359956e+01 7.490502049186674185e+02
1.682602955522054574e+06 5.205812673301046106e-02 8.426451129551015828e-02 2.035353586283646266e+01 7.717921355016446796e+02
1.810342380638799397e+06 5.120338288698830786e-02 8.717372713203494494e-02 3.775406121432796880e+01 8.049913977691239779e+02
1.947779495085998205e+06 5.037193793864991331e-02 9.070480191472626852e-02 6.758738193017303786e+01 8.464334579299199959e+02
2.095650525586638367e+06 4.956639552667931742e-02 9.484003263487141011e-02 1.169960921447671893e+02 8.931693587972404202e+02
2.254747591537639499e+06 4.878792103227271026e-02 9.952683298068883133e-02 1.961798884998160304e+02 9.418294568869140448e+02
2.425922948255719151e+06 4.803636078579223700e-02 1.046830415513360230e-01 3.191890539637702204e+02 9.889755476658326643e+02
2.610093552360926755e+06 4.731001107212978035e-02 1.102082874481708635e-01 5.047755009709160277e+02 1.031507923262108989e+03
2.808245973753804341e+06 4.660568850988298928e-02 1.159960149435067256e-01 7.772582461702495493e+02 1.066948537304506090e+03
3.021441680498789065e+06 4.592022707673517473e-02 1.219432256329107955e-01 1.167326519335669900e+03 1.093565181194238448e+03
3.250822724924053997e+06 4.524973058225287975e-02 1.279607070678932534e-01 1.712882387721964506e+03 1.110440901297832852e+03
3.497617861397238448e+06 4.459049066673870243e-02 1.339773111980569753e-01 2.459769019770928935e+03 1.117371341559162374e+03
3.763149128548923880e+06 4.393902498222337222e-02 1.399423131813709587e-01 3.462466452177699466e+03 1.114733067147934662e+03
4.048838931203688029e+06 4.329235945453172030e-02 1.458248431337338946e-01 4.784670141655939005e+03 1.103314782938042981e+03
4.356217659955407493e+06 4.264808542639957067e-02 1.516106433283524735e-01 6.499608583012011877e+03 1.084148665029710855e+03
4.686931889203545637e+06 4.200420741133122776e-02 1.573006074778839081e-01 8.690398653443598960e+03 1.058402474707645979e+03
5.042753197565887123e+06 4.135913685393330375e-02 1.629061621428483930e-01 1.144986617190105062e+04 1.027262894568417551e+03
5.425587657917130738e+06 4.071174924853213778e-02 1.684467284822194766e-01 1.488015908588014281e+04 9.918702170623447500e+02
5.837486047889830545e+06 4.006124425086256269e-02 1.739471144826983673e-01 1.909197393372962324e+04 9.532775008567316490e+02
6.280654835533560254e+06 3.940701587920358850e-02 1.794354110675778491e-01 2.420341516148491428e+04 9.124295273112430777e+02
6.757467998980570585e+06 3.874881018454828102e-02 1.849406282575120353e-01 3.033797834602046714e+04 8.701448307563376829e+02
7.270479743433829397e+06 3.808643992344525053e-02 1.904925814605553935e-01 3.762293868699175800e+04 8.271299429130217504e+02
7.822438183600138873e+06 3.741985826611697596e-02 1.961205658667565521e-01 4.618677751357458328e+04 7.839792148105237857e+02
8.416300064862748608e+06 3.674921283628095059e-02 2.018520097711451744e-01 5.615582585245065275e+04 7.411798169950150168e+02
9.055246602052221075e+06 3.607463615405434587e-02 2.077131733529107849e-01 6.765180853849905543e+04 6.991319882674850987e+02
9.742700520661093295e+06 3.539624910556399967e-02 2.137283587767570547e-01 8.078813200892611349e+04 6.581569325464447502e+02
1.048234439178916067e+07 3.471403692086998810e-02 2.199198860386670229e-01 9.566637137467700813e+04 6.185100036507767527e+02
1.127814035903648660e+07 3.402766035618366713e-02 2.263081559928155628e-01 1.123728964108419459e+05 5.803937358616764186e+02
1.213435136301768944e+07 3.333629558144789173e-02 2.329113115170857173e-01 1.309751978474309581e+05 5.439677511611602085e+02
1.305556397719353065e+07 3.263843051037094295e-02 2.397449373896851643e-01 1.515188030701429816e+05 5.093583688377607928e+02
1.404671297734737210e+07 3.193167971427386675e-02 2.468216144675126622e-01 1.740252087173397013e+05 4.766658271808224754e+02
1.511310777632093988e+07 3.121270602085823159e-02 2.541500676994605246e-01 1.984908170303798979e+05 4.459687418264369967e+02
1.626046086561565287e+07 3.047723207718942492e-02 2.617343401774980260e-01 2.248881297043123632e+05 4.173265057677149343e+02
1.749491841621624306e+07 2.972019815133311246e-02 2.695729134843853347e-01 2.531693197839660861e+05 3.907798236891642318e+02
1.882309320255996287e+07 2.893608201571148952e-02 2.776578694096875077e-01 2.832719898197982111e+05 3.663496942018545610e+02
2.025210002601933107e+07 2.811932009041153216e-02 2.859744967420989603e-01 3.151277214169041836e+05 3.440362883327749728e+02
2.178959382765589654e+07 2.726490314611988361e-02 2.945002906567059653e-01 3.486672618368216208e+05 3.238180536340503295e+02
2.344381069440836459e+07 2.636865865165598927e-02 3.032073606565746648e-01 3.838396217693243525e+05 3.056543443041704222e+02
2.522361197837815806e+07 2.542796311084537242e-02 3.120607369085803273e-01 4.206110053655533120e+05 2.894850424608752633e+02
2.713853176555170119e+07 2.444205444710892752e-02 3.210194999457373077e-01 4.589715282730066683e+05 2.752340069409063403e+02
2.919882794824116305e+07 2.341196140094911962e-02 3.300404212526984460e-01 4.989540514649011893e+05 2.628160920826470601e+02
3.141553717482981086e+07 2.234085402312131416e-02 3.390762320015081599e-01 5.406210861042737961e+05 2.521389195780622003e+02
3.380053397117823362e+07 2.123374838606846213e-02 3.480785953509001329e-01 5.840765645043569384e+05 2.431085533093929598e+02
